 Title="Hydrodynamic"
 variables="i","j","b"
 zone t="zone number-           1",i=          74,j=          22
 f=point
           1           1 -0.3586957    
           2           1 -0.3423913    
           3           1 -0.3260870    
           4           1 -0.3097826    
           5           1 -0.2934783    
           6           1 -0.2771739    
           7           1 -0.2608696    
           8           1 -0.2445652    
           9           1 -0.2282609    
          10           1 -0.2119565    
          11           1 -0.1956522    
          12           1 -0.1793478    
          13           1 -0.1630435    
          14           1 -0.1467391    
          15           1 -0.1304348    
          16           1 -0.1141304    
          17           1 -9.7826086E-02
          18           1 -8.1521742E-02
          19           1 -6.5217391E-02
          20           1 -4.8913043E-02
          21           1 -3.2608695E-02
          22           1 -1.6304348E-02
          23           1  0.0000000E+00
          24           1  1.1879604E-02
          25           1  1.7843584E-02
          26           1  2.3836359E-02
          27           1  2.9867165E-02
          28           1  3.5944935E-02
          29           1  4.2078219E-02
          30           1  4.8275124E-02
          31           1  5.4543242E-02
          32           1  6.0889594E-02
          33           1  6.7320570E-02
          34           1  7.3841877E-02
          35           1  8.0458499E-02
          36           1  8.7174654E-02
          37           1  9.3993738E-02
          38           1  0.1009184    
          39           1  0.1079502    
          40           1  0.1150902    
          41           1  0.1223384    
          42           1  0.1296937    
          43           1  0.1371547    
          44           1  0.1447185    
          45           1  0.1523819    
          46           1  0.1601406    
          47           1  0.1679896    
          48           1  0.1759232    
          49           1  0.1839351    
          50           1  0.1920182    
          51           1  0.2001649    
          52           1  0.2083672    
          53           1  0.2166164    
          54           1  0.2249036    
          55           1  0.2332196    
          56           1  0.2415550    
          57           1  0.2499000    
          58           1  0.2550000    
          59           1  0.2550000    
          60           1  0.2550000    
          61           1  0.2550000    
          62           1  0.2550000    
          63           1  0.2550000    
          64           1  0.2550000    
          65           1  0.2550000    
          66           1  0.2550000    
          67           1  0.2550000    
          68           1  0.2550000    
          69           1  0.2550000    
          70           1  0.2550000    
          71           1  0.2550000    
          72           1  0.2550000    
          73           1  0.2550000    
          74           1  0.2550000    
           1           2 -0.3586957    
           2           2 -0.3423913    
           3           2 -0.3260870    
           4           2 -0.3097826    
           5           2 -0.2934783    
           6           2 -0.2771739    
           7           2 -0.2608696    
           8           2 -0.2445652    
           9           2 -0.2282609    
          10           2 -0.2119565    
          11           2 -0.1956522    
          12           2 -0.1793478    
          13           2 -0.1630435    
          14           2 -0.1467391    
          15           2 -0.1304348    
          16           2 -0.1141304    
          17           2 -9.7826086E-02
          18           2 -8.1521742E-02
          19           2 -6.5217391E-02
          20           2 -4.8913043E-02
          21           2 -3.2608695E-02
          22           2 -1.6304348E-02
          23           2  0.0000000E+00
          24           2  9.5916679E-03
          25           2  1.4434724E-02
          26           2  1.9334022E-02
          27           2  2.4307603E-02
          28           2  2.9372906E-02
          29           2  3.4546640E-02
          30           2  3.9844636E-02
          31           2  4.5281719E-02
          32           2  5.0871607E-02
          33           2  5.6626778E-02
          34           2  6.2558383E-02
          35           2  6.8676144E-02
          36           2  7.4988306E-02
          37           2  8.1501514E-02
          38           2  8.8220835E-02
          39           2  9.5149644E-02
          40           2  0.1022896    
          41           2  0.1096408    
          42           2  0.1172015    
          43           2  0.1249683    
          44           2  0.1329361    
          45           2  0.1410984    
          46           2  0.1494468    
          47           2  0.1579716    
          48           2  0.1666617    
          49           2  0.1755046    
          50           2  0.1844866    
          51           2  0.1935929    
          52           2  0.2028076    
          53           2  0.2121140    
          54           2  0.2214947    
          55           2  0.2309317    
          56           2  0.2404064    
          57           2  0.2499000    
          58           2  0.2550000    
          59           2  0.2550000    
          60           2  0.2550000    
          61           2  0.2550000    
          62           2  0.2550000    
          63           2  0.2550000    
          64           2  0.2550000    
          65           2  0.2550000    
          66           2  0.2550000    
          67           2  0.2550000    
          68           2  0.2550000    
          69           2  0.2550000    
          70           2  0.2550000    
          71           2  0.2550000    
          72           2  0.2550000    
          73           2  0.2550000    
          74           2  0.2550000    
           1           3 -0.3586957    
           2           3 -0.3423913    
           3           3 -0.3260870    
           4           3 -0.3097826    
           5           3 -0.2934783    
           6           3 -0.2771739    
           7           3 -0.2608696    
           8           3 -0.2445652    
           9           3 -0.2282609    
          10           3 -0.2119565    
          11           3 -0.1956522    
          12           3 -0.1793478    
          13           3 -0.1630435    
          14           3 -0.1467391    
          15           3 -0.1304348    
          16           3 -0.1141304    
          17           3 -9.7826086E-02
          18           3 -8.1521742E-02
          19           3 -6.5217391E-02
          20           3 -4.8913043E-02
          21           3 -3.2608695E-02
          22           3 -1.6304348E-02
          23           3  0.0000000E+00
          24           3  7.5233835E-03
          25           3  1.1353130E-02
          26           3  1.5263930E-02
          27           3  1.9281782E-02
          28           3  2.3431825E-02
          29           3  2.7738128E-02
          30           3  3.2223511E-02
          31           3  3.6909346E-02
          32           3  4.1815393E-02
          33           3  4.6959639E-02
          34           3  5.2358150E-02
          35           3  5.8024950E-02
          36           3  6.3971899E-02
          37           3  7.0208602E-02
          38           3  7.6742336E-02
          39           3  8.3577976E-02
          40           3  9.0717971E-02
          41           3  9.8162331E-02
          42           3  0.1059086    
          43           3  0.1139519    
          44           3  0.1222850    
          45           3  0.1308981    
          46           3  0.1397796    
          47           3  0.1489154    
          48           3  0.1582894    
          49           3  0.1678835    
          50           3  0.1776781    
          51           3  0.1876518    
          52           3  0.1977818    
          53           3  0.2080439    
          54           3  0.2184131    
          55           3  0.2288634    
          56           3  0.2393681    
          57           3  0.2499000    
          58           3  0.2550000    
          59           3  0.2550000    
          60           3  0.2550000    
          61           3  0.2550000    
          62           3  0.2550000    
          63           3  0.2550000    
          64           3  0.2550000    
          65           3  0.2550000    
          66           3  0.2550000    
          67           3  0.2550000    
          68           3  0.2550000    
          69           3  0.2550000    
          70           3  0.2550000    
          71           3  0.2550000    
          72           3  0.2550000    
          73           3  0.2550000    
          74           3  0.2550000    
           1           4 -0.3586957    
           2           4 -0.3423913    
           3           4 -0.3260870    
           4           4 -0.3097826    
           5           4 -0.2934783    
           6           4 -0.2771739    
           7           4 -0.2608696    
           8           4 -0.2445652    
           9           4 -0.2282609    
          10           4 -0.2119565    
          11           4 -0.1956522    
          12           4 -0.1793478    
          13           4 -0.1630435    
          14           4 -0.1467391    
          15           4 -0.1304348    
          16           4 -0.1141304    
          17           4 -9.7826086E-02
          18           4 -8.1521742E-02
          19           4 -6.5217391E-02
          20           4 -4.8913043E-02
          21           4 -3.2608695E-02
          22           4 -1.6304348E-02
          23           4  0.0000000E+00
          24           4  5.7716523E-03
          25           4  8.7431781E-03
          26           4  1.1816770E-02
          27           4  1.5025169E-02
          28           4  1.8400028E-02
          29           4  2.1971665E-02
          30           4  2.5768809E-02
          31           4  2.9818373E-02
          32           4  3.4145240E-02
          33           4  3.8772061E-02
          34           4  4.3719072E-02
          35           4  4.9003929E-02
          36           4  5.4641563E-02
          37           4  6.0644075E-02
          38           4  6.7020625E-02
          39           4  7.3777355E-02
          40           4  8.0917358E-02
          41           4  8.8440627E-02
          42           4  9.6344084E-02
          43           4  0.1046216    
          44           4  0.1132639    
          45           4  0.1222591    
          46           4  0.1315921    
          47           4  0.1412452    
          48           4  0.1511984    
          49           4  0.1614288    
          50           4  0.1719117    
          51           4  0.1826200    
          52           4  0.1935252    
          53           4  0.2045968    
          54           4  0.2158032    
          55           4  0.2271117    
          56           4  0.2384886    
          57           4  0.2499000    
          58           4  0.2550000    
          59           4  0.2550000    
          60           4  0.2550000    
          61           4  0.2550000    
          62           4  0.2550000    
          63           4  0.2550000    
          64           4  0.2550000    
          65           4  0.2550000    
          66           4  0.2550000    
          67           4  0.2550000    
          68           4  0.2550000    
          69           4  0.2550000    
          70           4  0.2550000    
          71           4  0.2550000    
          72           4  0.2550000    
          73           4  0.2550000    
          74           4  0.2550000    
           1           5 -0.3586957    
           2           5 -0.3423913    
           3           5 -0.3260870    
           4           5 -0.3097826    
           5           5 -0.2934783    
           6           5 -0.2771739    
           7           5 -0.2608696    
           8           5 -0.2445652    
           9           5 -0.2282609    
          10           5 -0.2119565    
          11           5 -0.1956522    
          12           5 -0.1793478    
          13           5 -0.1630435    
          14           5 -0.1467391    
          15           5 -0.1304348    
          16           5 -0.1141304    
          17           5 -9.7826086E-02
          18           5 -8.1521742E-02
          19           5 -6.5217391E-02
          20           5 -4.8913043E-02
          21           5 -3.2608695E-02
          22           5 -1.6304348E-02
          23           5  0.0000000E+00
          24           5  4.4185445E-03
          25           5  6.7271455E-03
          26           5  9.1540441E-03
          27           5  1.1737189E-02
          28           5  1.4513268E-02
          29           5  1.7517418E-02
          30           5  2.0782936E-02
          31           5  2.4341019E-02
          32           5  2.8220506E-02
          33           5  3.2447651E-02
          34           5  3.7045904E-02
          35           5  4.2035729E-02
          36           5  4.7434438E-02
          37           5  5.3256053E-02
          38           5  5.9511188E-02
          39           5  6.6206969E-02
          40           5  7.3346972E-02
          41           5  8.0931194E-02
          42           5  8.8956058E-02
          43           5  9.7414441E-02
          44           5  0.1062957    
          45           5  0.1155859    
          46           5  0.1252677    
          47           5  0.1353205    
          48           5  0.1457210    
          49           5  0.1564429    
          50           5  0.1674574    
          51           5  0.1787333    
          52           5  0.1902372    
          53           5  0.2019341    
          54           5  0.2137872    
          55           5  0.2257586    
          56           5  0.2378094    
          57           5  0.2499000    
          58           5  0.2550000    
          59           5  0.2550000    
          60           5  0.2550000    
          61           5  0.2550000    
          62           5  0.2550000    
          63           5  0.2550000    
          64           5  0.2550000    
          65           5  0.2550000    
          66           5  0.2550000    
          67           5  0.2550000    
          68           5  0.2550000    
          69           5  0.2550000    
          70           5  0.2550000    
          71           5  0.2550000    
          72           5  0.2550000    
          73           5  0.2550000    
          74           5  0.2550000    
           1           6 -0.3586957    
           2           6 -0.3423913    
           3           6 -0.3260870    
           4           6 -0.3097826    
           5           6 -0.2934783    
           6           6 -0.2771739    
           7           6 -0.2608696    
           8           6 -0.2445652    
           9           6 -0.2282609    
          10           6 -0.2119565    
          11           6 -0.1956522    
          12           6 -0.1793478    
          13           6 -0.1630435    
          14           6 -0.1467391    
          15           6 -0.1304348    
          16           6 -0.1141304    
          17           6 -9.7826086E-02
          18           6 -8.1521742E-02
          19           6 -6.5217391E-02
          20           6 -4.8913043E-02
          21           6 -3.2608695E-02
          22           6 -1.6304348E-02
          23           6  0.0000000E+00
          24           6  3.5274532E-03
          25           6  5.3994837E-03
          26           6  7.4005020E-03
          27           6  9.5718838E-03
          28           6  1.1953634E-02
          29           6  1.4584064E-02
          30           6  1.7499480E-02
          31           6  2.0733899E-02
          32           6  2.4318762E-02
          33           6  2.8282698E-02
          34           6  3.2651275E-02
          35           6  3.7446808E-02
          36           6  4.2688176E-02
          37           6  4.8390660E-02
          38           6  5.4565836E-02
          39           6  6.1221477E-02
          40           6  6.8361476E-02
          41           6  7.5985841E-02
          42           6  8.4090665E-02
          43           6  9.2668176E-02
          44           6  0.1017068    
          45           6  0.1111913    
          46           6  0.1211027    
          47           6  0.1314188    
          48           6  0.1421139    
          49           6  0.1531595    
          50           6  0.1645241    
          51           6  0.1761736    
          52           6  0.1880719    
          53           6  0.2001805    
          54           6  0.2124595    
          55           6  0.2248675    
          56           6  0.2373620    
          57           6  0.2499000    
          58           6  0.2550000    
          59           6  0.2550000    
          60           6  0.2550000    
          61           6  0.2550000    
          62           6  0.2550000    
          63           6  0.2550000    
          64           6  0.2550000    
          65           6  0.2550000    
          66           6  0.2550000    
          67           6  0.2550000    
          68           6  0.2550000    
          69           6  0.2550000    
          70           6  0.2550000    
          71           6  0.2550000    
          72           6  0.2550000    
          73           6  0.2550000    
          74           6  0.2550000    
           1           7 -0.3586957    
           2           7 -0.3423913    
           3           7 -0.3260870    
           4           7 -0.3097826    
           5           7 -0.2934783    
           6           7 -0.2771739    
           7           7 -0.2608696    
           8           7 -0.2445652    
           9           7 -0.2282609    
          10           7 -0.2119565    
          11           7 -0.1956522    
          12           7 -0.1793478    
          13           7 -0.1630435    
          14           7 -0.1467391    
          15           7 -0.1304348    
          16           7 -0.1141304    
          17           7 -9.7826086E-02
          18           7 -8.1521742E-02
          19           7 -6.5217391E-02
          20           7 -4.8913043E-02
          21           7 -3.2608695E-02
          22           7 -1.6304348E-02
          23           7  0.0000000E+00
          24           7  3.1401271E-03
          25           7  4.8223957E-03
          26           7  6.6382987E-03
          27           7  8.6307023E-03
          28           7  1.0841052E-02
          29           7  1.3309038E-02
          30           7  1.6072277E-02
          31           7  1.9166010E-02
          32           7  2.2622811E-02
          33           7  2.6472339E-02
          34           7  3.0741084E-02
          35           7  3.5452165E-02
          36           7  4.0625140E-02
          37           7  4.6275843E-02
          38           7  5.2416265E-02
          39           7  5.9054457E-02
          40           7  6.6194460E-02
          41           7  7.3836267E-02
          42           7  8.1975847E-02
          43           7  9.0605147E-02
          44           7  9.9712171E-02
          45           7  0.1092811    
          46           7  0.1192923    
          47           7  0.1297228    
          48           7  0.1405460    
          49           7  0.1517323    
          50           7  0.1632490    
          51           7  0.1750611    
          52           7  0.1871307    
          53           7  0.1994183    
          54           7  0.2118824    
          55           7  0.2244801    
          56           7  0.2371676    
          57           7  0.2499000    
          58           7  0.2550000    
          59           7  0.2550000    
          60           7  0.2550000    
          61           7  0.2550000    
          62           7  0.2550000    
          63           7  0.2550000    
          64           7  0.2550000    
          65           7  0.2550000    
          66           7  0.2550000    
          67           7  0.2550000    
          68           7  0.2550000    
          69           7  0.2550000    
          70           7  0.2550000    
          71           7  0.2550000    
          72           7  0.2550000    
          73           7  0.2550000    
          74           7  0.2550000    
           1           8 -0.3586957    
           2           8 -0.3423913    
           3           8 -0.3260870    
           4           8 -0.3097826    
           5           8 -0.2934783    
           6           8 -0.2771739    
           7           8 -0.2608696    
           8           8 -0.2445652    
           9           8 -0.2282609    
          10           8 -0.2119565    
          11           8 -0.1956522    
          12           8 -0.1793478    
          13           8 -0.1630435    
          14           8 -0.1467391    
          15           8 -0.1304348    
          16           8 -0.1141304    
          17           8 -9.7826086E-02
          18           8 -8.1521742E-02
          19           8 -6.5217391E-02
          20           8 -4.8913043E-02
          21           8 -3.2608695E-02
          22           8 -1.6304348E-02
          23           8  0.0000000E+00
          24           8  3.2747134E-03
          25           8  5.0229197E-03
          26           8  6.9031459E-03
          27           8  8.9577399E-03
          28           8  1.1227648E-02
          29           8  1.3752079E-02
          30           8  1.6568197E-02
          31           8  1.9710813E-02
          32           8  2.3212114E-02
          33           8  2.7101396E-02
          34           8  3.1404831E-02
          35           8  3.6145255E-02
          36           8  4.1341994E-02
          37           8  4.7010690E-02
          38           8  5.3163189E-02
          39           8  5.9807446E-02
          40           8  6.6947445E-02
          41           8  7.4583195E-02
          42           8  8.2710691E-02
          43           8  9.1321997E-02
          44           8  0.1004053    
          45           8  0.1099448    
          46           8  0.1199214    
          47           8  0.1303121    
          48           8  0.1410908    
          49           8  0.1522282    
          50           8  0.1636921    
          51           8  0.1754477    
          52           8  0.1874578    
          53           8  0.1996832    
          54           8  0.2120829    
          55           8  0.2246147    
          56           8  0.2372351    
          57           8  0.2499000    
          58           8  0.2550000    
          59           8  0.2550000    
          60           8  0.2550000    
          61           8  0.2550000    
          62           8  0.2550000    
          63           8  0.2550000    
          64           8  0.2550000    
          65           8  0.2550000    
          66           8  0.2550000    
          67           8  0.2550000    
          68           8  0.2550000    
          69           8  0.2550000    
          70           8  0.2550000    
          71           8  0.2550000    
          72           8  0.2550000    
          73           8  0.2550000    
          74           8  0.2550000    
           1           9 -0.3586957    
           2           9 -0.3423913    
           3           9 -0.3260870    
           4           9 -0.3097826    
           5           9 -0.2934783    
           6           9 -0.2771739    
           7           9 -0.2608696    
           8           9 -0.2445652    
           9           9 -0.2282609    
          10           9 -0.2119565    
          11           9 -0.1956522    
          12           9 -0.1793478    
          13           9 -0.1630435    
          14           9 -0.1467391    
          15           9 -0.1304348    
          16           9 -0.1141304    
          17           9 -9.7826086E-02
          18           9 -8.1521742E-02
          19           9 -6.5217391E-02
          20           9 -4.8913043E-02
          21           9 -3.2608695E-02
          22           9 -1.6304348E-02
          23           9  0.0000000E+00
          24           9  3.9249058E-03
          25           9  5.9916596E-03
          26           9  8.1826327E-03
          27           9  1.0537673E-02
          28           9  1.3095305E-02
          29           9  1.5892426E-02
          30           9  1.8963998E-02
          31           9  2.2342779E-02
          32           9  2.6059054E-02
          33           9  3.0140389E-02
          34           9  3.4611408E-02
          35           9  3.9493602E-02
          36           9  4.4805147E-02
          37           9  5.0560769E-02
          38           9  5.6771610E-02
          39           9  6.3445151E-02
          40           9  7.0585154E-02
          41           9  7.8191608E-02
          42           9  8.6260773E-02
          43           9  9.4785154E-02
          44           9  0.1037536    
          45           9  0.1131514    
          46           9  0.1229604    
          47           9  0.1331591    
          48           9  0.1437228    
          49           9  0.1546240    
          50           9  0.1658324    
          51           9  0.1773153    
          52           9  0.1890377    
          53           9  0.2009626    
          54           9  0.2130517    
          55           9  0.2252649    
          56           9  0.2375615    
          57           9  0.2499000    
          58           9  0.2550000    
          59           9  0.2550000    
          60           9  0.2550000    
          61           9  0.2550000    
          62           9  0.2550000    
          63           9  0.2550000    
          64           9  0.2550000    
          65           9  0.2550000    
          66           9  0.2550000    
          67           9  0.2550000    
          68           9  0.2550000    
          69           9  0.2550000    
          70           9  0.2550000    
          71           9  0.2550000    
          72           9  0.2550000    
          73           9  0.2550000    
          74           9  0.2550000    
           1          10 -0.3586957    
           2          10 -0.3423913    
           3          10 -0.3260870    
           4          10 -0.3097826    
           5          10 -0.2934783    
           6          10 -0.2771739    
           7          10 -0.2608696    
           8          10 -0.2445652    
           9          10 -0.2282609    
          10          10 -0.2119565    
          11          10 -0.1956522    
          12          10 -0.1793478    
          13          10 -0.1630435    
          14          10 -0.1467391    
          15          10 -0.1304348    
          16          10 -0.1141304    
          17          10 -9.7826086E-02
          18          10 -8.1521742E-02
          19          10 -6.5217391E-02
          20          10 -4.8913043E-02
          21          10 -3.2608695E-02
          22          10 -1.6304348E-02
          23          10  0.0000000E+00
          24          10  5.0602430E-03
          25          10  7.6832292E-03
          26          10  1.0416816E-02
          27          10  1.3296481E-02
          28          10  1.6356526E-02
          29          10  1.9629801E-02
          30          10  2.3147438E-02
          31          10  2.6938600E-02
          32          10  3.1030254E-02
          33          10  3.5446942E-02
          34          10  4.0210590E-02
          35          10  4.5340329E-02
          36          10  5.0852347E-02
          37          10  5.6759752E-02
          38          10  6.3072465E-02
          39          10  6.9797151E-02
          40          10  7.6937154E-02
          41          10  8.4492467E-02
          42          10  9.2459753E-02
          43          10  0.1008324    
          44          10  0.1096003    
          45          10  0.1187506    
          46          10  0.1282669    
          47          10  0.1381303    
          48          10  0.1483186    
          49          10  0.1588074    
          50          10  0.1695698    
          51          10  0.1805765    
          52          10  0.1917965    
          53          10  0.2031968    
          54          10  0.2147432    
          55          10  0.2264003    
          56          10  0.2381315    
          57          10  0.2499000    
          58          10  0.2550000    
          59          10  0.2550000    
          60          10  0.2550000    
          61          10  0.2550000    
          62          10  0.2550000    
          63          10  0.2550000    
          64          10  0.2550000    
          65          10  0.2550000    
          66          10  0.2550000    
          67          10  0.2550000    
          68          10  0.2550000    
          69          10  0.2550000    
          70          10  0.2550000    
          71          10  0.2550000    
          72          10  0.2550000    
          73          10  0.2550000    
          74          10  0.2550000    
           1          11 -0.3586957    
           2          11 -0.3423913    
           3          11 -0.3260870    
           4          11 -0.3097826    
           5          11 -0.2934783    
           6          11 -0.2771739    
           7          11 -0.2608696    
           8          11 -0.2445652    
           9          11 -0.2282609    
          10          11 -0.2119565    
          11          11 -0.1956522    
          12          11 -0.1793478    
          13          11 -0.1630435    
          14          11 -0.1467391    
          15          11 -0.1304348    
          16          11 -0.1141304    
          17          11 -9.7826086E-02
          18          11 -8.1521742E-02
          19          11 -6.5217391E-02
          20          11 -4.8913043E-02
          21          11 -3.2608695E-02
          22          11 -1.6304348E-02
          23          11  0.0000000E+00
          24          11  6.6275331E-03
          25          11  1.0018378E-02
          26          11  1.3501023E-02
          27          11  1.7104914E-02
          28          11  2.0858521E-02
          29          11  2.4789110E-02
          30          11  2.8922522E-02
          31          11  3.3282962E-02
          32          11  3.7892815E-02
          33          11  4.2772442E-02
          34          11  4.7940053E-02
          35          11  5.3411521E-02
          36          11  5.9200287E-02
          37          11  6.5317221E-02
          38          11  7.1770571E-02
          39          11  7.8565858E-02
          40          11  8.5705854E-02
          41          11  9.3190573E-02
          42          11  0.1010172    
          43          11  0.1091803    
          44          11  0.1176715    
          45          11  0.1264801    
          46          11  0.1355924    
          47          11  0.1449928    
          48          11  0.1546630    
          49          11  0.1645825    
          50          11  0.1747291    
          51          11  0.1850785    
          52          11  0.1956049    
          53          11  0.2062810    
          54          11  0.2170784    
          55          11  0.2279675    
          56          11  0.2389183    
          57          11  0.2499000    
          58          11  0.2550000    
          59          11  0.2550000    
          60          11  0.2550000    
          61          11  0.2550000    
          62          11  0.2550000    
          63          11  0.2550000    
          64          11  0.2550000    
          65          11  0.2550000    
          66          11  0.2550000    
          67          11  0.2550000    
          68          11  0.2550000    
          69          11  0.2550000    
          70          11  0.2550000    
          71          11  0.2550000    
          72          11  0.2550000    
          73          11  0.2550000    
          74          11  0.2550000    
           1          12 -0.3586957    
           2          12 -0.3423913    
           3          12 -0.3260870    
           4          12 -0.3097826    
           5          12 -0.2934783    
           6          12 -0.2771739    
           7          12 -0.2608696    
           8          12 -0.2445652    
           9          12 -0.2282609    
          10          12 -0.2119565    
          11          12 -0.1956522    
          12          12 -0.1793478    
          13          12 -0.1630435    
          14          12 -0.1467391    
          15          12 -0.1304348    
          16          12 -0.1141304    
          17          12 -9.7826086E-02
          18          12 -8.1521742E-02
          19          12 -6.5217391E-02
          20          12 -4.8913043E-02
          21          12 -3.2608695E-02
          22          12 -1.6304348E-02
          23          12  0.0000000E+00
          24          12  8.5533476E-03
          25          12  1.2887702E-02
          26          12  1.7290754E-02
          27          12  2.1784540E-02
          28          12  2.6390364E-02
          29          12  3.1128632E-02
          30          12  3.6018677E-02
          31          12  4.1078620E-02
          32          12  4.6325207E-02
          33          12  5.1773679E-02
          34          12  5.7437658E-02
          35          12  6.3329034E-02
          36          12  6.9457844E-02
          37          12  7.5832248E-02
          38          12  8.2458399E-02
          39          12  8.9340433E-02
          40          12  9.6480429E-02
          41          12  0.1038784    
          42          12  0.1115322    
          43          12  0.1194379    
          44          12  0.1275890    
          45          12  0.1359777    
          46          12  0.1445937    
          47          12  0.1534252    
          48          12  0.1624586    
          49          12  0.1716787    
          50          12  0.1810686    
          51          12  0.1906104    
          52          12  0.2002846    
          53          12  0.2100708    
          54          12  0.2199477    
          55          12  0.2298934    
          56          12  0.2398851    
          57          12  0.2499000    
          58          12  0.2550000    
          59          12  0.2550000    
          60          12  0.2550000    
          61          12  0.2550000    
          62          12  0.2550000    
          63          12  0.2550000    
          64          12  0.2550000    
          65          12  0.2550000    
          66          12  0.2550000    
          67          12  0.2550000    
          68          12  0.2550000    
          69          12  0.2550000    
          70          12  0.2550000    
          71          12  0.2550000    
          72          12  0.2550000    
          73          12  0.2550000    
          74          12  0.2550000    
           1          13 -0.3586957    
           2          13 -0.3423913    
           3          13 -0.3260870    
           4          13 -0.3097826    
           5          13 -0.2934783    
           6          13 -0.2771739    
           7          13 -0.2608696    
           8          13 -0.2445652    
           9          13 -0.2282609    
          10          13 -0.2119565    
          11          13 -0.1956522    
          12          13 -0.1793478    
          13          13 -0.1630435    
          14          13 -0.1467391    
          15          13 -0.1304348    
          16          13 -0.1141304    
          17          13 -9.7826086E-02
          18          13 -8.1521742E-02
          19          13 -6.5217391E-02
          20          13 -4.8913043E-02
          21          13 -3.2608695E-02
          22          13 -1.6304348E-02
          23          13  0.0000000E+00
          24          13  1.0747460E-02
          25          13  1.6156770E-02
          26          13  2.1608459E-02
          27          13  2.7116116E-02
          28          13  3.2692887E-02
          29          13  3.8351353E-02
          30          13  4.4103447E-02
          31          13  4.9960345E-02
          32          13  5.5932377E-02
          33          13  6.2028941E-02
          34          13  6.8258442E-02
          35          13  7.4628212E-02
          36          13  8.1144452E-02
          37          13  8.7812185E-02
          38          13  9.4635218E-02
          39          13  0.1016161    
          40          13  0.1087561    
          41          13  0.1160552    
          42          13  0.1235122    
          43          13  0.1311245    
          44          13  0.1388882    
          45          13  0.1467984    
          46          13  0.1548489    
          47          13  0.1630324    
          48          13  0.1713403    
          49          13  0.1797635    
          50          13  0.1882914    
          51          13  0.1969129    
          52          13  0.2056161    
          53          13  0.2143885    
          54          13  0.2232168    
          55          13  0.2320875    
          56          13  0.2409866    
          57          13  0.2499000    
          58          13  0.2550000    
          59          13  0.2550000    
          60          13  0.2550000    
          61          13  0.2550000    
          62          13  0.2550000    
          63          13  0.2550000    
          64          13  0.2550000    
          65          13  0.2550000    
          66          13  0.2550000    
          67          13  0.2550000    
          68          13  0.2550000    
          69          13  0.2550000    
          70          13  0.2550000    
          71          13  0.2550000    
          72          13  0.2550000    
          73          13  0.2550000    
          74          13  0.2550000    
           1          14 -0.3586957    
           2          14 -0.3423913    
           3          14 -0.3260870    
           4          14 -0.3097826    
           5          14 -0.2934783    
           6          14 -0.2771739    
           7          14 -0.2608696    
           8          14 -0.2445652    
           9          14 -0.2282609    
          10          14 -0.2119565    
          11          14 -0.1956522    
          12          14 -0.1793478    
          13          14 -0.1630435    
          14          14 -0.1467391    
          15          14 -0.1304348    
          16          14 -0.1141304    
          17          14 -9.7826086E-02
          18          14 -8.1521742E-02
          19          14 -6.5217391E-02
          20          14 -4.8913043E-02
          21          14 -3.2608695E-02
          22          14 -1.6304348E-02
          23          14  0.0000000E+00
          24          14  1.3107074E-02
          25          14  1.9672425E-02
          26          14  2.6251849E-02
          27          14  3.2849856E-02
          28          14  3.9470807E-02
          29          14  4.6118889E-02
          30          14  5.2798055E-02
          31          14  5.9512023E-02
          32          14  6.6264212E-02
          33          14  7.3057756E-02
          34          14  7.9895444E-02
          35          14  8.6779699E-02
          36          14  9.3712591E-02
          37          14  0.1006958    
          38          14  0.1077305    
          39          14  0.1148177    
          40          14  0.1219577    
          41          14  0.1291505    
          42          14  0.1363958    
          43          14  0.1436926    
          44          14  0.1510397    
          45          14  0.1584354    
          46          14  0.1658778    
          47          14  0.1733642    
          48          14  0.1808920    
          49          14  0.1884581    
          50          14  0.1960589    
          51          14  0.2036908    
          52          14  0.2113499    
          53          14  0.2190319    
          54          14  0.2267324    
          55          14  0.2344471    
          56          14  0.2421712    
          57          14  0.2499000    
          58          14  0.2550000    
          59          14  0.2550000    
          60          14  0.2550000    
          61          14  0.2550000    
          62          14  0.2550000    
          63          14  0.2550000    
          64          14  0.2550000    
          65          14  0.2550000    
          66          14  0.2550000    
          67          14  0.2550000    
          68          14  0.2550000    
          69          14  0.2550000    
          70          14  0.2550000    
          71          14  0.2550000    
          72          14  0.2550000    
          73          14  0.2550000    
          74          14  0.2550000    
           1          15 -0.3586957    
           2          15 -0.3423913    
           3          15 -0.3260870    
           4          15 -0.3097826    
           5          15 -0.2934783    
           6          15 -0.2771739    
           7          15 -0.2608696    
           8          15 -0.2445652    
           9          15 -0.2282609    
          10          15 -0.2119565    
          11          15 -0.1956522    
          12          15 -0.1793478    
          13          15 -0.1630435    
          14          15 -0.1467391    
          15          15 -0.1304348    
          16          15 -0.1141304    
          17          15 -9.7826086E-02
          18          15 -8.1521742E-02
          19          15 -6.5217391E-02
          20          15 -4.8913043E-02
          21          15 -3.2608695E-02
          22          15 -1.6304348E-02
          23          15  0.0000000E+00
          24          15  1.5521642E-02
          25          15  2.3269957E-02
          26          15  3.1003376E-02
          27          15  3.8717125E-02
          28          15  4.6406578E-02
          29          15  5.4067317E-02
          30          15  6.1695147E-02
          31          15  6.9286145E-02
          32          15  7.6836668E-02
          33          15  8.4343426E-02
          34          15  9.1803454E-02
          35          15  9.9214174E-02
          36          15  0.1065734    
          37          15  0.1138794    
          38          15  0.1211308    
          39          15  0.1283268    
          40          15  0.1354668    
          41          15  0.1425508    
          42          15  0.1495794    
          43          15  0.1565534    
          44          15  0.1634742    
          45          15  0.1703435    
          46          15  0.1771634    
          47          15  0.1839367    
          48          15  0.1906662    
          49          15  0.1973552    
          50          15  0.2040073    
          51          15  0.2106266    
          52          15  0.2172171    
          53          15  0.2237834    
          54          15  0.2303300    
          55          15  0.2368616    
          56          15  0.2433833    
          57          15  0.2499000    
          58          15  0.2550000    
          59          15  0.2550000    
          60          15  0.2550000    
          61          15  0.2550000    
          62          15  0.2550000    
          63          15  0.2550000    
          64          15  0.2550000    
          65          15  0.2550000    
          66          15  0.2550000    
          67          15  0.2550000    
          68          15  0.2550000    
          69          15  0.2550000    
          70          15  0.2550000    
          71          15  0.2550000    
          72          15  0.2550000    
          73          15  0.2550000    
          74          15  0.2550000    
           1          16 -0.3586957    
           2          16 -0.3423913    
           3          16 -0.3260870    
           4          16 -0.3097826    
           5          16 -0.2934783    
           6          16 -0.2771739    
           7          16 -0.2608696    
           8          16 -0.2445652    
           9          16 -0.2282609    
          10          16 -0.2119565    
          11          16 -0.1956522    
          12          16 -0.1793478    
          13          16 -0.1630435    
          14          16 -0.1467391    
          15          16 -0.1304348    
          16          16 -0.1141304    
          17          16 -9.7826086E-02
          18          16 -8.1521742E-02
          19          16 -6.5217391E-02
          20          16 -4.8913043E-02
          21          16 -3.2608695E-02
          22          16 -1.6304348E-02
          23          16  0.0000000E+00
          24          16  1.7878037E-02
          25          16  2.6780816E-02
          26          16  3.5640430E-02
          27          16  4.4443041E-02
          28          16  5.3175256E-02
          29          16  6.1824255E-02
          30          16  7.0377894E-02
          31          16  7.8824788E-02
          32          16  8.7154411E-02
          33          16  9.5357195E-02
          34          16  0.1034246    
          35          16  0.1113491    
          36          16  0.1191244    
          37          16  0.1267454    
          38          16  0.1342083    
          39          16  0.1415104    
          40          16  0.1486504    
          41          16  0.1556283    
          42          16  0.1624454    
          43          16  0.1691044    
          44          16  0.1756091    
          45          16  0.1819646    
          46          16  0.1881772    
          47          16  0.1942544    
          48          16  0.2002048    
          49          16  0.2060379    
          50          16  0.2117643    
          51          16  0.2173953    
          52          16  0.2229430    
          53          16  0.2284204    
          54          16  0.2338408    
          55          16  0.2392180    
          56          16  0.2445663    
          57          16  0.2499000    
          58          16  0.2550000    
          59          16  0.2550000    
          60          16  0.2550000    
          61          16  0.2550000    
          62          16  0.2550000    
          63          16  0.2550000    
          64          16  0.2550000    
          65          16  0.2550000    
          66          16  0.2550000    
          67          16  0.2550000    
          68          16  0.2550000    
          69          16  0.2550000    
          70          16  0.2550000    
          71          16  0.2550000    
          72          16  0.2550000    
          73          16  0.2550000    
          74          16  0.2550000    
           1          17 -0.3586957    
           2          17 -0.3423913    
           3          17 -0.3260870    
           4          17 -0.3097826    
           5          17 -0.2934783    
           6          17 -0.2771739    
           7          17 -0.2608696    
           8          17 -0.2445652    
           9          17 -0.2282609    
          10          17 -0.2119565    
          11          17 -0.1956522    
          12          17 -0.1793478    
          13          17 -0.1630435    
          14          17 -0.1467391    
          15          17 -0.1304348    
          16          17 -0.1141304    
          17          17 -9.7826086E-02
          18          17 -8.1521742E-02
          19          17 -6.5217391E-02
          20          17 -4.8913043E-02
          21          17 -3.2608695E-02
          22          17 -1.6304348E-02
          23          17  0.0000000E+00
          24          17  2.0065863E-02
          25          17  3.0040516E-02
          26          17  3.9945763E-02
          27          17  4.9759336E-02
          28          17  5.9459712E-02
          29          17  6.9026276E-02
          30          17  7.8439496E-02
          31          17  8.7681055E-02
          32          17  9.6734047E-02
          33          17  0.1055831    
          34          17  0.1142143    
          35          17  0.1226159    
          36          17  0.1307775    
          37          17  0.1386910    
          38          17  0.1463502    
          39          17  0.1537508    
          40          17  0.1608908    
          41          17  0.1677702    
          42          17  0.1743910    
          43          17  0.1807575    
          44          17  0.1868759    
          45          17  0.1927543    
          46          17  0.1984031    
          47          17  0.2038341    
          48          17  0.2090611    
          49          17  0.2140995    
          50          17  0.2189663    
          51          17  0.2236797    
          52          17  0.2282593    
          53          17  0.2327258    
          54          17  0.2371005    
          55          17  0.2414059    
          56          17  0.2456646    
          57          17  0.2499000    
          58          17  0.2550000    
          59          17  0.2550000    
          60          17  0.2550000    
          61          17  0.2550000    
          62          17  0.2550000    
          63          17  0.2550000    
          64          17  0.2550000    
          65          17  0.2550000    
          66          17  0.2550000    
          67          17  0.2550000    
          68          17  0.2550000    
          69          17  0.2550000    
          70          17  0.2550000    
          71          17  0.2550000    
          72          17  0.2550000    
          73          17  0.2550000    
          74          17  0.2550000    
           1          18 -0.3586957    
           2          18 -0.3423913    
           3          18 -0.3260870    
           4          18 -0.3097826    
           5          18 -0.2934783    
           6          18 -0.2771739    
           7          18 -0.2608696    
           8          18 -0.2445652    
           9          18 -0.2282609    
          10          18 -0.2119565    
          11          18 -0.1956522    
          12          18 -0.1793478    
          13          18 -0.1630435    
          14          18 -0.1467391    
          15          18 -0.1304348    
          16          18 -0.1141304    
          17          18 -9.7826086E-02
          18          18 -8.1521742E-02
          19          18 -6.5217391E-02
          20          18 -4.8913043E-02
          21          18 -3.2608695E-02
          22          18 -1.6304348E-02
          23          18  0.0000000E+00
          24          18  2.1982614E-02
          25          18  3.2896340E-02
          26          18  4.3717660E-02
          27          18  5.4416943E-02
          28          18  6.4965531E-02
          29          18  7.5335972E-02
          30          18  8.5502259E-02
          31          18  9.5440038E-02
          32          18  0.1051268    
          33          18  0.1145419    
          34          18  0.1236673    
          35          18  0.1324867    
          36          18  0.1409868    
          37          18  0.1491566    
          38          18  0.1569877    
          39          18  0.1644747    
          40          18  0.1716147    
          41          18  0.1784077    
          42          18  0.1848566    
          43          18  0.1909668    
          44          18  0.1967467    
          45          18  0.2022073    
          46          18  0.2073620    
          47          18  0.2122268    
          48          18  0.2168200    
          49          18  0.2211623    
          50          18  0.2252760    
          51          18  0.2291855    
          52          18  0.2329170    
          53          18  0.2364977    
          54          18  0.2399563    
          55          18  0.2433226    
          56          18  0.2466269    
          57          18  0.2499000    
          58          18  0.2550000    
          59          18  0.2550000    
          60          18  0.2550000    
          61          18  0.2550000    
          62          18  0.2550000    
          63          18  0.2550000    
          64          18  0.2550000    
          65          18  0.2550000    
          66          18  0.2550000    
          67          18  0.2550000    
          68          18  0.2550000    
          69          18  0.2550000    
          70          18  0.2550000    
          71          18  0.2550000    
          72          18  0.2550000    
          73          18  0.2550000    
          74          18  0.2550000    
           1          19 -0.3586957    
           2          19 -0.3423913    
           3          19 -0.3260870    
           4          19 -0.3097826    
           5          19 -0.2934783    
           6          19 -0.2771739    
           7          19 -0.2608696    
           8          19 -0.2445652    
           9          19 -0.2282609    
          10          19 -0.2119565    
          11          19 -0.1956522    
          12          19 -0.1793478    
          13          19 -0.1630435    
          14          19 -0.1467391    
          15          19 -0.1304348    
          16          19 -0.1141304    
          17          19 -9.7826086E-02
          18          19 -8.1521742E-02
          19          19 -6.5217391E-02
          20          19 -4.8913043E-02
          21          19 -3.2608695E-02
          22          19 -1.6304348E-02
          23          19  0.0000000E+00
          24          19  2.3538493E-02
          25          19  3.5214484E-02
          26          19  4.6779413E-02
          27          19  5.8197644E-02
          28          19  6.9434740E-02
          29          19  8.0457710E-02
          30          19  9.1235295E-02
          31          19  0.1017382    
          32          19  0.1119394    
          33          19  0.1218141    
          34          19  0.1313404    
          35          19  0.1404992    
          36          19  0.1492740    
          37          19  0.1576518    
          38          19  0.1656225    
          39          19  0.1731796    
          40          19  0.1803196    
          41          19  0.1870425    
          42          19  0.1933517    
          43          19  0.1992540    
          44          19  0.2047592    
          45          19  0.2098804    
          46          19  0.2146341    
          47          19  0.2190394    
          48          19  0.2231182    
          49          19  0.2268953    
          50          19  0.2303977    
          51          19  0.2336547    
          52          19  0.2366976    
          53          19  0.2395594    
          54          19  0.2422745    
          55          19  0.2448785    
          56          19  0.2474080    
          57          19  0.2499000    
          58          19  0.2550000    
          59          19  0.2550000    
          60          19  0.2550000    
          61          19  0.2550000    
          62          19  0.2550000    
          63          19  0.2550000    
          64          19  0.2550000    
          65          19  0.2550000    
          66          19  0.2550000    
          67          19  0.2550000    
          68          19  0.2550000    
          69          19  0.2550000    
          70          19  0.2550000    
          71          19  0.2550000    
          72          19  0.2550000    
          73          19  0.2550000    
          74          19  0.2550000    
           1          20 -0.3586957    
           2          20 -0.3423913    
           3          20 -0.3260870    
           4          20 -0.3097826    
           5          20 -0.2934783    
           6          20 -0.2771739    
           7          20 -0.2608696    
           8          20 -0.2445652    
           9          20 -0.2282609    
          10          20 -0.2119565    
          11          20 -0.1956522    
          12          20 -0.1793478    
          13          20 -0.1630435    
          14          20 -0.1467391    
          15          20 -0.1304348    
          16          20 -0.1141304    
          17          20 -9.7826086E-02
          18          20 -8.1521742E-02
          19          20 -6.5217391E-02
          20          20 -4.8913043E-02
          21          20 -3.2608695E-02
          22          20 -1.6304348E-02
          23          20  0.0000000E+00
          24          20  2.4660604E-02
          25          20  3.6886349E-02
          26          20  4.8987567E-02
          27          20  6.0924314E-02
          28          20  7.2657973E-02
          29          20  8.4151551E-02
          30          20  9.5370002E-02
          31          20  0.1062805    
          32          20  0.1168526    
          33          20  0.1270588    
          34          20  0.1368744    
          35          20  0.1462778    
          36          20  0.1552507    
          37          20  0.1637785    
          38          20  0.1718500    
          39          20  0.1794576    
          40          20  0.1865976    
          41          20  0.1932700    
          42          20  0.1994785    
          43          20  0.2052307    
          44          20  0.2105378    
          45          20  0.2154144    
          46          20  0.2198788    
          47          20  0.2239526    
          48          20  0.2276605    
          49          20  0.2310300    
          50          20  0.2340916    
          51          20  0.2368780    
          52          20  0.2394243    
          53          20  0.2417676    
          54          20  0.2439463    
          55          20  0.2460006    
          56          20  0.2479713    
          57          20  0.2499000    
          58          20  0.2550000    
          59          20  0.2550000    
          60          20  0.2550000    
          61          20  0.2550000    
          62          20  0.2550000    
          63          20  0.2550000    
          64          20  0.2550000    
          65          20  0.2550000    
          66          20  0.2550000    
          67          20  0.2550000    
          68          20  0.2550000    
          69          20  0.2550000    
          70          20  0.2550000    
          71          20  0.2550000    
          72          20  0.2550000    
          73          20  0.2550000    
          74          20  0.2550000    
           1          21 -0.3586957    
           2          21 -0.3423913    
           3          21 -0.3260870    
           4          21 -0.3097826    
           5          21 -0.2934783    
           6          21 -0.2771739    
           7          21 -0.2608696    
           8          21 -0.2445652    
           9          21 -0.2282609    
          10          21 -0.2119565    
          11          21 -0.1956522    
          12          21 -0.1793478    
          13          21 -0.1630435    
          14          21 -0.1467391    
          15          21 -0.1304348    
          16          21 -0.1141304    
          17          21 -9.7826086E-02
          18          21 -8.1521742E-02
          19          21 -6.5217391E-02
          20          21 -4.8913043E-02
          21          21 -3.2608695E-02
          22          21 -1.6304348E-02
          23          21  0.0000000E+00
          24          21  2.5296375E-02
          25          21  3.7833601E-02
          26          21  5.0238676E-02
          27          21  6.2469207E-02
          28          21  7.4484207E-02
          29          21  8.6244427E-02
          30          21  9.7712666E-02
          31          21  0.1088541    
          32          21  0.1196364    
          33          21  0.1300304    
          34          21  0.1400099    
          35          21  0.1495519    
          36          21  0.1586371    
          37          21  0.1672499    
          38          21  0.1753784    
          39          21  0.1830146    
          40          21  0.1901546    
          41          21  0.1967984    
          42          21  0.2029499    
          43          21  0.2086171    
          44          21  0.2138118    
          45          21  0.2185499    
          46          21  0.2228504    
          47          21  0.2267364    
          48          21  0.2302341    
          49          21  0.2333727    
          50          21  0.2361844    
          51          21  0.2387042    
          52          21  0.2409692    
          53          21  0.2430187    
          54          21  0.2448936    
          55          21  0.2466364    
          56          21  0.2482904    
          57          21  0.2499000    
          58          21  0.2550000    
          59          21  0.2550000    
          60          21  0.2550000    
          61          21  0.2550000    
          62          21  0.2550000    
          63          21  0.2550000    
          64          21  0.2550000    
          65          21  0.2550000    
          66          21  0.2550000    
          67          21  0.2550000    
          68          21  0.2550000    
          69          21  0.2550000    
          70          21  0.2550000    
          71          21  0.2550000    
          72          21  0.2550000    
          73          21  0.2550000    
          74          21  0.2550000    
           1          22 -0.3586957    
           2          22 -0.3423913    
           3          22 -0.3260870    
           4          22 -0.3097826    
           5          22 -0.2934783    
           6          22 -0.2771739    
           7          22 -0.2608696    
           8          22 -0.2445652    
           9          22 -0.2282609    
          10          22 -0.2119565    
          11          22 -0.1956522    
          12          22 -0.1793478    
          13          22 -0.1630435    
          14          22 -0.1467391    
          15          22 -0.1304348    
          16          22 -0.1141304    
          17          22 -9.7826086E-02
          18          22 -8.1521742E-02
          19          22 -6.5217391E-02
          20          22 -4.8913043E-02
          21          22 -3.2608695E-02
          22          22 -1.6304348E-02
          23          22  0.0000000E+00
          24          22  2.5416020E-02
          25          22  3.8011864E-02
          26          22  5.0474122E-02
          27          22  6.2759936E-02
          28          22  7.4827880E-02
          29          22  8.6638279E-02
          30          22  9.8153532E-02
          31          22  0.1093384    
          32          22  0.1201603    
          33          22  0.1305897    
          34          22  0.1405999    
          35          22  0.1501680    
          36          22  0.1592743    
          37          22  0.1679031    
          38          22  0.1760424    
          39          22  0.1836840    
          40          22  0.1908240    
          41          22  0.1974624    
          42          22  0.2036031    
          43          22  0.2092543    
          44          22  0.2144280    
          45          22  0.2191399    
          46          22  0.2234097    
          47          22  0.2272603    
          48          22  0.2307184    
          49          22  0.2338135    
          50          22  0.2365783    
          51          22  0.2390479    
          52          22  0.2412599    
          53          22  0.2432541    
          54          22  0.2450719    
          55          22  0.2467560    
          56          22  0.2483505    
          57          22  0.2499000    
          58          22  0.2550000    
          59          22  0.2550000    
          60          22  0.2550000    
          61          22  0.2550000    
          62          22  0.2550000    
          63          22  0.2550000    
          64          22  0.2550000    
          65          22  0.2550000    
          66          22  0.2550000    
          67          22  0.2550000    
          68          22  0.2550000    
          69          22  0.2550000    
          70          22  0.2550000    
          71          22  0.2550000    
          72          22  0.2550000    
          73          22  0.2550000    
          74          22  0.2550000    
