           1           1 -0.3437500    
           2           1 -0.3125000    
           3           1 -0.2812500    
           4           1 -0.2500000    
           5           1 -0.2187500    
           6           1 -0.1875000    
           7           1 -0.1562500    
           8           1 -0.1250000    
           9           1 -9.3750000E-02
          10           1 -6.2500000E-02
          11           1 -3.1250000E-02
          12           1  0.0000000E+00
          13           1  2.4287192E-02
          14           1  3.6603015E-02
          15           1  4.9119297E-02
          16           1  6.1892729E-02
          17           1  7.4971735E-02
          18           1  8.8394910E-02
          19           1  0.1021898    
          20           1  0.1163720    
          21           1  0.1309446    
          22           1  0.1458983    
          23           1  0.1612114    
          24           1  0.1768506    
          25           1  0.1927724    
          26           1  0.2089239    
          27           1  0.2252449    
          28           1  0.2416700    
          29           1  0.2550000    
          30           1  0.2550000    
          31           1  0.2550000    
          32           1  0.2550000    
          33           1  0.2550000    
          34           1  0.2550000    
          35           1  0.2550000    
          36           1  0.2550000    
           1           2 -0.3437500    
           2           2 -0.3125000    
           3           2 -0.2812500    
           4           2 -0.2500000    
           5           2 -0.2187500    
           6           2 -0.1875000    
           7           2 -0.1562500    
           8           2 -0.1250000    
           9           2 -9.3750000E-02
          10           2 -6.2500000E-02
          11           2 -3.1250000E-02
          12           2  0.0000000E+00
          13           2  2.0827696E-02
          14           2  3.1553213E-02
          15           2  4.2641494E-02
          16           2  5.4195128E-02
          17           2  6.6301741E-02
          18           2  7.9031184E-02
          19           2  9.2433304E-02
          20           2  0.1065363    
          21           2  0.1213459    
          22           2  0.1368450    
          23           2  0.1529945    
          24           2  0.1697343    
          25           2  0.1869853    
          26           2  0.2046520    
          27           2  0.2226256    
          28           2  0.2407874    
          29           2  0.2550000    
          30           2  0.2550000    
          31           2  0.2550000    
          32           2  0.2550000    
          33           2  0.2550000    
          34           2  0.2550000    
          35           2  0.2550000    
          36           2  0.2550000    
           1           3 -0.3437500    
           2           3 -0.3125000    
           3           3 -0.2812500    
           4           3 -0.2500000    
           5           3 -0.2187500    
           6           3 -0.1875000    
           7           3 -0.1562500    
           8           3 -0.1250000    
           9           3 -9.3750000E-02
          10           3 -6.2500000E-02
          11           3 -3.1250000E-02
          12           3  0.0000000E+00
          13           3  1.8840011E-02
          14           3  2.8651804E-02
          15           3  3.8919616E-02
          16           3  4.9772404E-02
          17           3  6.1320320E-02
          18           3  7.3651180E-02
          19           3  8.6827621E-02
          20           3  0.1008851    
          21           3  0.1158308    
          22           3  0.1316434    
          23           3  0.1482734    
          24           3  0.1656455    
          25           3  0.1836603    
          26           3  0.2021976    
          27           3  0.2211207    
          28           3  0.2402803    
          29           3  0.2550000    
          30           3  0.2550000    
          31           3  0.2550000    
          32           3  0.2550000    
          33           3  0.2550000    
          34           3  0.2550000    
          35           3  0.2550000    
          36           3  0.2550000    
           1           4 -0.3437500    
           2           4 -0.3125000    
           3           4 -0.2812500    
           4           4 -0.2500000    
           5           4 -0.2187500    
           6           4 -0.1875000    
           7           4 -0.1562500    
           8           4 -0.1250000    
           9           4 -9.3750000E-02
          10           4 -6.2500000E-02
          11           4 -3.1250000E-02
          12           4  0.0000000E+00
          13           4  1.8702488E-02
          14           4  2.8451061E-02
          15           4  3.8662106E-02
          16           4  4.9466405E-02
          17           4  6.0975667E-02
          18           4  7.3278949E-02
          19           4  8.6439773E-02
          20           4  0.1004941    
          21           4  0.1154493    
          22           4  0.1312835    
          23           4  0.1479468    
          24           4  0.1653626    
          25           4  0.1834302    
          26           4  0.2020278    
          27           4  0.2210166    
          28           4  0.2402453    
          29           4  0.2550000    
          30           4  0.2550000    
          31           4  0.2550000    
          32           4  0.2550000    
          33           4  0.2550000    
          34           4  0.2550000    
          35           4  0.2550000    
          36           4  0.2550000    
           1           5 -0.3437500    
           2           5 -0.3125000    
           3           5 -0.2812500    
           4           5 -0.2500000    
           5           5 -0.2187500    
           6           5 -0.1875000    
           7           5 -0.1562500    
           8           5 -0.1250000    
           9           5 -9.3750000E-02
          10           5 -6.2500000E-02
          11           5 -3.1250000E-02
          12           5  0.0000000E+00
          13           5  2.0441301E-02
          14           5  3.0989192E-02
          15           5  4.1917980E-02
          16           5  5.3335372E-02
          17           5  6.5333381E-02
          18           5  7.7985339E-02
          19           5  9.1343589E-02
          20           5  0.1054377    
          21           5  0.1202738    
          22           5  0.1358338    
          23           5  0.1520768    
          24           5  0.1689395    
          25           5  0.1863389    
          26           5  0.2041749    
          27           5  0.2223331    
          28           5  0.2406888    
          29           5  0.2550000    
          30           5  0.2550000    
          31           5  0.2550000    
          32           5  0.2550000    
          33           5  0.2550000    
          34           5  0.2550000    
          35           5  0.2550000    
          36           5  0.2550000    
           1           6 -0.3437500    
           2           6 -0.3125000    
           3           6 -0.2812500    
           4           6 -0.2500000    
           5           6 -0.2187500    
           6           6 -0.1875000    
           7           6 -0.1562500    
           8           6 -0.1250000    
           9           6 -9.3750000E-02
          10           6 -6.2500000E-02
          11           6 -3.1250000E-02
          12           6  0.0000000E+00
          13           6  2.3725476E-02
          14           6  3.5783079E-02
          15           6  4.8067499E-02
          16           6  6.0642872E-02
          17           6  7.3563993E-02
          18           6  8.6874530E-02
          19           6  0.1006056    
          20           6  0.1147750    
          21           6  0.1293861    
          22           6  0.1444283    
          23           6  0.1598772    
          24           6  0.1756952    
          25           6  0.1918327    
          26           6  0.2082303    
          27           6  0.2248196    
          28           6  0.2415267    
          29           6  0.2550000    
          30           6  0.2550000    
          31           6  0.2550000    
          32           6  0.2550000    
          33           6  0.2550000    
          34           6  0.2550000    
          35           6  0.2550000    
          36           6  0.2550000    
           1           7 -0.3437500    
           2           7 -0.3125000    
           3           7 -0.2812500    
           4           7 -0.2500000    
           5           7 -0.2187500    
           6           7 -0.1875000    
           7           7 -0.1562500    
           8           7 -0.1250000    
           9           7 -9.3750000E-02
          10           7 -6.2500000E-02
          11           7 -3.1250000E-02
          12           7  0.0000000E+00
          13           7  2.7929882E-02
          14           7  4.1920222E-02
          15           7  5.5940121E-02
          16           7  6.9997944E-02
          17           7  8.4100835E-02
          18           7  9.8254479E-02
          19           7  0.1124629    
          20           7  0.1267285    
          21           7  0.1410517    
          22           7  0.1554310    
          23           7  0.1698634    
          24           7  0.1843438    
          25           7  0.1988659    
          26           7  0.2134219    
          27           7  0.2280029    
          28           7  0.2425993    
          29           7  0.2550000    
          30           7  0.2550000    
          31           7  0.2550000    
          32           7  0.2550000    
          33           7  0.2550000    
          34           7  0.2550000    
          35           7  0.2550000    
          36           7  0.2550000    
           1           8 -0.3437500    
           2           8 -0.3125000    
           3           8 -0.2812500    
           4           8 -0.2500000    
           5           8 -0.2187500    
           6           8 -0.1875000    
           7           8 -0.1562500    
           8           8 -0.1250000    
           9           8 -9.3750000E-02
          10           8 -6.2500000E-02
          11           8 -3.1250000E-02
          12           8  0.0000000E+00
          13           8  3.2254230E-02
          14           8  4.8232440E-02
          15           8  6.4037330E-02
          16           8  7.9619899E-02
          17           8  9.4938263E-02
          18           8  0.1099591    
          19           8  0.1246585    
          20           8  0.1390231    
          21           8  0.1530501    
          22           8  0.1667476    
          23           8  0.1801344    
          24           8  0.1932392    
          25           8  0.2060998    
          26           8  0.2187617    
          27           8  0.2312770    
          28           8  0.2437024    
          29           8  0.2550000    
          30           8  0.2550000    
          31           8  0.2550000    
          32           8  0.2550000    
          33           8  0.2550000    
          34           8  0.2550000    
          35           8  0.2550000    
          36           8  0.2550000    
           1           9 -0.3437500    
           2           9 -0.3125000    
           3           9 -0.2812500    
           4           9 -0.2500000    
           5           9 -0.2187500    
           6           9 -0.1875000    
           7           9 -0.1562500    
           8           9 -0.1250000    
           9           9 -9.3750000E-02
          10           9 -6.2500000E-02
          11           9 -3.1250000E-02
          12           9  0.0000000E+00
          13           9  3.5875395E-02
          14           9  5.3518228E-02
          15           9  7.0817858E-02
          16           9  8.7677225E-02
          17           9  0.1040134    
          18           9  0.1197604    
          19           9  0.1348709    
          20           9  0.1493184    
          21           9  0.1630974    
          22           9  0.1762240    
          23           9  0.1887353    
          24           9  0.2006881    
          25           9  0.2121573    
          26           9  0.2232332    
          27           9  0.2340187    
          28           9  0.2446262    
          29           9  0.2550000    
          30           9  0.2550000    
          31           9  0.2550000    
          32           9  0.2550000    
          33           9  0.2550000    
          34           9  0.2550000    
          35           9  0.2550000    
          36           9  0.2550000    
           1          10 -0.3437500    
           2          10 -0.3125000    
           3          10 -0.2812500    
           4          10 -0.2500000    
           5          10 -0.2187500    
           6          10 -0.1875000    
           7          10 -0.1562500    
           8          10 -0.1250000    
           9          10 -9.3750000E-02
          10          10 -6.2500000E-02
          11          10 -3.1250000E-02
          12          10  0.0000000E+00
          13          10  3.8104106E-02
          14          10  5.6771461E-02
          15          10  7.4991047E-02
          16          10  9.2636250E-02
          17          10  0.1095989    
          18          10  0.1257928    
          19          10  0.1411564    
          20          10  0.1556548    
          21          10  0.1692812    
          22          10  0.1820564    
          23          10  0.1940288    
          24          10  0.2052727    
          25          10  0.2158855    
          26          10  0.2259852    
          27          10  0.2357062    
          28          10  0.2451948    
          29          10  0.2550000    
          30          10  0.2550000    
          31          10  0.2550000    
          32          10  0.2550000    
          33          10  0.2550000    
          34          10  0.2550000    
          35          10  0.2550000    
          36          10  0.2550000    
