   1   1   1  50
   2   1   2  50
   3   1   3  50
   4   1   4  50
   5   1   5  50
   6   1   6  50
   7   1   7  50
   8   1   8  50
   9   1   9  50
  10   1  10  50
  11   1  11  50
  12   1  12  50
  13   1  13  50
  14   1  14  50
  15   1  15  50
  16   1  16  50
  17   1  17  50
  18   1  18  50
  19   1  19  50
  20   1  20  50
  21   1  21  50
  22   1  22  50
  23   1  23  50
  24   1  24  50
  25   1  25  50
  26   1  26  50
  27   1  27  50
  28   1  28  50
  29   1  29  50
  30   1  30  50
  31   1  31  50
  32   1  32  50
  33   1  33  50
  34   1  34  50
  35   1  35  50
  36   1  36  50
  37   1  37  50
  38   1  38  50
  39   1  39  50
  40   1  40  50
  41   1  41  50
  42   1  42  50
  43   1  43  50
  44   1  44  50
  45   1  45  50
  46   1  46  50
  47   1  47  50
  48   1  48  50
  49   1  49  50
  50   1  50  50
  51   1  51  50
  52   1  52  50
  53   1  53  50
  54   1  54  50
  55   1  55  50
  56   1  56  50
  57   1  57  50
  58   1  58  50
  59   1  59  50
  60   1  60  50
  61   1  61  50
  62   1  62  50
  63   1  63  50
  64   1  64  50
  65   1  65  50
  66   1  66  50
  67   1  67  50
  68   1  68  50
  69   1  69  50
  70   1  70  50
  71   1  71  50
  72   1  72  50
  73   1  73  50
  74   1  74  50
  75   1  75  50
  76   1  76  50
  77   1  77  50
  78   1  78  50
  79   1  79  50
  80   1  80  50
  81   1  81  50
  82   1  82  50
  83   1  83  50
  84   1  84  50
  85   1  85  50
  86   1  86  50
  87   1  87  50
  88   1  88  50
  89   1  89  50
  90   1  90  50
  91   1  91  50
  92   1  92  50
  93   1  93  50
  94   1  94  50
  95   1  95  50
  96   1  96  50
  97   1  97  50
  98   1  98  50
  99   1  99  50
 100   1 100  50
 101   1 101  50
 102   1 102  50
 103   1 103  50
 104   1 104  50
 105   1 105  50
 106   1 106  50
 107   1 107  50
 108   1 108  50
 109   1 109  50
 110   1 110  50
 111   1 111  50
 112   1 112  50
 113   1 113  50
 114   1 114  50
 115   1 115  50
 116   1 116  50
 117   1 117  50
 118   1 118  50
 119   1 119  50
 120   1 120  50
 121   1 121  50
 122   1 122  50
 123   1 123  50
 124   1 124  50
 125   1 125  50
 126   1 126  50
 127   1 127  50
 128   1 128  50
 129   1 129  50
 130   1 130  50
 131   1 131  50
 132   1 132  50
 133   1 133  50
 134   1 134  50
 135   1 135  50
 136   1 136  50
 137   1 137  50
 138   1 138  50
 139   1 139  50
 140   1 140  50
 141   1 141  50
 142   1 142  50
 143   1 143  50
 144   1 144  50
 145   1 145  50
 146   1 146  50
 147   1 147  50
 148   1 148  50
 149   1 149  50
 150   1 150  50
 151   1 151  50
 152   1 152  50
 153   1 153  50
 154   1 154  50
 155   1 155  50
 156   1 156  50
 157   1 157  50
 158   1 158  50
 159   1 159  50
 160   1 160  50
 161   1 161  50
 162   1 162  50
 163   1 163  50
 164   1 164  50
 165   1 165  50
 166   1 166  50
 167   1 167  50
 168   1 168  50
 169   1 169  50
 170   1 170  50
 171   1 171  50
 172   1 172  50
 173   1 173  50
 174   1 174  50
 175   1 175  50
 176   1 176  50
 177   1 177  50
 178   1 178  50
 179   1 179  50
 180   1 180  50
 181   1 181  50
 182   1 182  50
 183   1 183  50
 184   1 184  50
 185   1 185  50
 186   1 186  50
 187   1 187  50
 188   1 188  50
 189   1 189  50
 190   1 190  50
 191   1 191  50
 192   1 192  50
 193   1 193  50
 194   1 194  50
 195   1 195  50
 196   1 196  50
 197   1 197  50
 198   1 198  50
 199   1 199  50
 200   1 200  50
