 zone t="zone number-          64",i=          72,j=          20
 f=point
           1           1  0.0000000E+00  0.0000000E+00  0.0000000E+00
 -0.3586957      0.0000000E+00  0.0000000E+00           0
           2           1  0.0000000E+00  0.0000000E+00  0.0000000E+00
 -0.3423913      0.0000000E+00  0.0000000E+00           0
           3           1  0.0000000E+00  0.0000000E+00  0.0000000E+00
 -0.3260870      0.0000000E+00  0.0000000E+00           0
           4           1  0.0000000E+00  0.0000000E+00  0.0000000E+00
 -0.3097826      0.0000000E+00  0.0000000E+00           0
           5           1  0.0000000E+00  0.0000000E+00  0.0000000E+00
 -0.2934783      0.0000000E+00  0.0000000E+00           0
           6           1  0.0000000E+00  0.0000000E+00  0.0000000E+00
 -0.2771739      0.0000000E+00  0.0000000E+00           0
           7           1  0.0000000E+00  0.0000000E+00  0.0000000E+00
 -0.2608696      0.0000000E+00  0.0000000E+00           0
           8           1  0.0000000E+00  0.0000000E+00  0.0000000E+00
 -0.2445652      0.0000000E+00  0.0000000E+00           0
           9           1  0.0000000E+00  0.0000000E+00  0.0000000E+00
 -0.2282609      0.0000000E+00  0.0000000E+00           0
          10           1  0.0000000E+00  0.0000000E+00  0.0000000E+00
 -0.2119565      0.0000000E+00  0.0000000E+00           0
          11           1  0.0000000E+00  0.0000000E+00  0.0000000E+00
 -0.1956522      0.0000000E+00  0.0000000E+00           0
          12           1  0.0000000E+00  0.0000000E+00  0.0000000E+00
 -0.1793478      0.0000000E+00  0.0000000E+00           0
          13           1  0.0000000E+00  0.0000000E+00  0.0000000E+00
 -0.1630435      0.0000000E+00  0.0000000E+00           0
          14           1  0.0000000E+00  0.0000000E+00  0.0000000E+00
 -0.1467391      0.0000000E+00  0.0000000E+00           0
          15           1  0.0000000E+00  0.0000000E+00  0.0000000E+00
 -0.1304348      0.0000000E+00  0.0000000E+00           0
          16           1  0.0000000E+00  0.0000000E+00  0.0000000E+00
 -0.1141304      0.0000000E+00  0.0000000E+00           0
          17           1  0.0000000E+00  0.0000000E+00  0.0000000E+00
 -9.7826086E-02  0.0000000E+00  0.0000000E+00           0
          18           1  0.0000000E+00  0.0000000E+00  0.0000000E+00
 -8.1521742E-02  0.0000000E+00  0.0000000E+00           0
          19           1  0.0000000E+00  0.0000000E+00  0.0000000E+00
 -6.5217391E-02  0.0000000E+00  0.0000000E+00           0
          20           1  0.0000000E+00  0.0000000E+00  0.0000000E+00
 -4.8913043E-02  0.0000000E+00  0.0000000E+00           0
          21           1  0.0000000E+00  0.0000000E+00  0.0000000E+00
 -3.2608695E-02  0.0000000E+00  0.0000000E+00           0
          22           1  0.0000000E+00  0.0000000E+00  0.0000000E+00
 -1.6304348E-02  0.0000000E+00  0.0000000E+00           0
          23           1  0.0000000E+00  0.0000000E+00  0.0000000E+00
  0.0000000E+00  0.0000000E+00  0.0000000E+00           0
          24           1  0.0000000E+00  0.0000000E+00  1.1879604E-02
  1.1879604E-02  0.0000000E+00  0.0000000E+00           0
          25           1  0.0000000E+00  0.0000000E+00  1.7843584E-02
  1.7843584E-02  0.0000000E+00  0.0000000E+00           0
          26           1  0.0000000E+00  0.0000000E+00  2.3836359E-02
  2.3836359E-02  0.0000000E+00  0.0000000E+00           0
          27           1  0.0000000E+00  0.0000000E+00  2.9867165E-02
  2.9867165E-02  0.0000000E+00  0.0000000E+00           0
          28           1  0.0000000E+00  0.0000000E+00  3.5944935E-02
  3.5944935E-02  0.0000000E+00  0.0000000E+00           0
          29           1  0.0000000E+00  0.0000000E+00  4.2078219E-02
  4.2078219E-02  0.0000000E+00  0.0000000E+00           0
          30           1  0.0000000E+00  0.0000000E+00  4.8275124E-02
  4.8275124E-02  0.0000000E+00  0.0000000E+00           0
          31           1  0.0000000E+00  0.0000000E+00  5.4543242E-02
  5.4543242E-02  0.0000000E+00  0.0000000E+00           0
          32           1  0.0000000E+00  0.0000000E+00  6.0889594E-02
  6.0889594E-02  0.0000000E+00  0.0000000E+00           0
          33           1  0.0000000E+00  0.0000000E+00  6.7320570E-02
  6.7320570E-02  0.0000000E+00  0.0000000E+00           0
          34           1  0.0000000E+00  0.0000000E+00  7.3841877E-02
  7.3841877E-02  0.0000000E+00  0.0000000E+00           0
          35           1  0.0000000E+00  0.0000000E+00  8.0458499E-02
  8.0458499E-02  0.0000000E+00  0.0000000E+00           0
          36           1  0.0000000E+00  0.0000000E+00  8.7174654E-02
  8.7174654E-02  0.0000000E+00  0.0000000E+00           0
          37           1  0.0000000E+00  0.0000000E+00  9.3993738E-02
  9.3993738E-02  0.0000000E+00  0.0000000E+00           0
          38           1  0.0000000E+00  0.0000000E+00  0.1009184    
  0.1009184      0.0000000E+00  0.0000000E+00           0
          39           1  0.0000000E+00  0.0000000E+00  0.1079502    
  0.1079502      0.0000000E+00  0.0000000E+00           0
          40           1  0.0000000E+00  0.0000000E+00  0.1150902    
  0.1150902      0.0000000E+00  0.0000000E+00           0
          41           1  0.0000000E+00  0.0000000E+00  0.1223384    
  0.1223384      0.0000000E+00  0.0000000E+00           0
          42           1  0.0000000E+00  0.0000000E+00  0.1296937    
  0.1296937      0.0000000E+00  0.0000000E+00           0
          43           1  0.0000000E+00  0.0000000E+00  0.1371547    
  0.1371547      0.0000000E+00  0.0000000E+00           0
          44           1  0.0000000E+00  0.0000000E+00  0.1447185    
  0.1447185      0.0000000E+00  0.0000000E+00           0
          45           1  0.0000000E+00  0.0000000E+00  0.1523819    
  0.1523819      0.0000000E+00  0.0000000E+00           0
          46           1  0.0000000E+00  0.0000000E+00  0.1601406    
  0.1601406      0.0000000E+00  0.0000000E+00           0
          47           1  0.0000000E+00  0.0000000E+00  0.1679896    
  0.1679896      0.0000000E+00  0.0000000E+00           0
          48           1  0.0000000E+00  0.0000000E+00  0.1759232    
  0.1759232      0.0000000E+00  0.0000000E+00           0
          49           1  0.0000000E+00  0.0000000E+00  0.1839351    
  0.1839351      0.0000000E+00  0.0000000E+00           0
          50           1  0.0000000E+00  0.0000000E+00  0.1920182    
  0.1920182      0.0000000E+00  0.0000000E+00           0
          51           1  0.0000000E+00  0.0000000E+00  0.2001649    
  0.2001649      0.0000000E+00  0.0000000E+00           0
          52           1  0.0000000E+00  0.0000000E+00  0.2083672    
  0.2083672      0.0000000E+00  0.0000000E+00           0
          53           1  0.0000000E+00  0.0000000E+00  0.2166164    
  0.2166164      0.0000000E+00  0.0000000E+00           0
          54           1  0.0000000E+00  0.0000000E+00  0.2249036    
  0.2249036      0.0000000E+00  0.0000000E+00           0
          55           1  0.0000000E+00  0.0000000E+00  0.2332196    
  0.2332196      0.0000000E+00  0.0000000E+00           0
          56           1  0.0000000E+00  0.0000000E+00  0.2415550    
  0.2415550      0.0000000E+00  0.0000000E+00           0
          57           1  0.0000000E+00  0.0000000E+00  0.2499000    
  0.2499000      0.0000000E+00  0.0000000E+00           0
          58           1  0.0000000E+00  0.0000000E+00  0.2550000    
  0.2550000      0.0000000E+00  0.0000000E+00           0
          59           1  0.0000000E+00  0.0000000E+00  0.2550000    
  0.2550000      0.0000000E+00  0.0000000E+00           0
          60           1  0.0000000E+00  0.0000000E+00  0.2550000    
  0.2550000      0.0000000E+00  0.0000000E+00           0
          61           1  0.0000000E+00  0.0000000E+00  0.2550000    
  0.2550000      0.0000000E+00  0.0000000E+00           0
          62           1  0.0000000E+00  0.0000000E+00  0.2550000    
  0.2550000      0.0000000E+00  0.0000000E+00           0
          63           1  0.0000000E+00  0.0000000E+00  0.2550000    
  0.2550000      0.0000000E+00  0.0000000E+00           0
          64           1  0.0000000E+00  0.0000000E+00  0.2550000    
  0.2550000      0.0000000E+00  0.0000000E+00           0
          65           1  0.0000000E+00  0.0000000E+00  0.2550000    
  0.2550000      0.0000000E+00  0.0000000E+00           0
          66           1  0.0000000E+00  0.0000000E+00  0.2550000    
  0.2550000      0.0000000E+00  0.0000000E+00           0
          67           1  0.0000000E+00  0.0000000E+00  0.2550000    
  0.2550000      0.0000000E+00  0.0000000E+00           0
          68           1  0.0000000E+00  0.0000000E+00  0.2550000    
  0.2550000      0.0000000E+00  0.0000000E+00           0
          69           1  0.0000000E+00  0.0000000E+00  0.2550000    
  0.2550000      0.0000000E+00  0.0000000E+00           0
          70           1  0.0000000E+00  0.0000000E+00  0.2550000    
  0.2550000      0.0000000E+00  0.0000000E+00           0
          71           1  0.0000000E+00  0.0000000E+00  0.2550000    
  0.2550000      0.0000000E+00  0.0000000E+00           0
          72           1  3.6493909E-02  0.0000000E+00  0.2914939    
  0.2550000      0.0000000E+00  0.0000000E+00           0
           1           2  0.0000000E+00  0.0000000E+00  0.0000000E+00
 -0.3586957      0.0000000E+00  0.0000000E+00           0
           2           2  0.0000000E+00  0.0000000E+00  0.0000000E+00
 -0.3423913      0.0000000E+00  0.0000000E+00           0
           3           2  0.0000000E+00  0.0000000E+00  0.0000000E+00
 -0.3260870      0.0000000E+00  0.0000000E+00           0
           4           2  0.0000000E+00  0.0000000E+00  0.0000000E+00
 -0.3097826      0.0000000E+00  0.0000000E+00           0
           5           2  0.0000000E+00  0.0000000E+00  0.0000000E+00
 -0.2934783      0.0000000E+00  0.0000000E+00           0
           6           2  0.0000000E+00  0.0000000E+00  0.0000000E+00
 -0.2771739      0.0000000E+00  0.0000000E+00           0
           7           2  0.0000000E+00  0.0000000E+00  0.0000000E+00
 -0.2608696      0.0000000E+00  0.0000000E+00           0
           8           2  0.0000000E+00  0.0000000E+00  0.0000000E+00
 -0.2445652      0.0000000E+00  0.0000000E+00           0
           9           2  0.0000000E+00  0.0000000E+00  0.0000000E+00
 -0.2282609      0.0000000E+00  0.0000000E+00           0
          10           2  0.0000000E+00  0.0000000E+00  0.0000000E+00
 -0.2119565      0.0000000E+00  0.0000000E+00           0
          11           2  0.0000000E+00  0.0000000E+00  0.0000000E+00
 -0.1956522      0.0000000E+00  0.0000000E+00           0
          12           2  0.0000000E+00  0.0000000E+00  0.0000000E+00
 -0.1793478      0.0000000E+00  0.0000000E+00           0
          13           2  0.0000000E+00  0.0000000E+00  0.0000000E+00
 -0.1630435      0.0000000E+00  0.0000000E+00           0
          14           2  0.0000000E+00  0.0000000E+00  0.0000000E+00
 -0.1467391      0.0000000E+00  0.0000000E+00           0
          15           2  0.0000000E+00  0.0000000E+00  0.0000000E+00
 -0.1304348      0.0000000E+00  0.0000000E+00           0
          16           2  0.0000000E+00  0.0000000E+00  0.0000000E+00
 -0.1141304      0.0000000E+00  0.0000000E+00           0
          17           2  0.0000000E+00  0.0000000E+00  0.0000000E+00
 -9.7826086E-02  0.0000000E+00  0.0000000E+00           0
          18           2  0.0000000E+00  0.0000000E+00  0.0000000E+00
 -8.1521742E-02  0.0000000E+00  0.0000000E+00           0
          19           2  0.0000000E+00  0.0000000E+00  0.0000000E+00
 -6.5217391E-02  0.0000000E+00  0.0000000E+00           0
          20           2  0.0000000E+00  0.0000000E+00  0.0000000E+00
 -4.8913043E-02  0.0000000E+00  0.0000000E+00           0
          21           2  0.0000000E+00  0.0000000E+00  0.0000000E+00
 -3.2608695E-02  0.0000000E+00  0.0000000E+00           0
          22           2  0.0000000E+00  0.0000000E+00  0.0000000E+00
 -1.6304348E-02  0.0000000E+00  0.0000000E+00           0
          23           2  0.0000000E+00  0.0000000E+00  0.0000000E+00
  0.0000000E+00  0.0000000E+00  0.0000000E+00           0
          24           2  0.0000000E+00  0.0000000E+00  9.5916679E-03
  9.5916679E-03  0.0000000E+00  0.0000000E+00           0
          25           2  0.0000000E+00  0.0000000E+00  1.4434724E-02
  1.4434724E-02  0.0000000E+00  0.0000000E+00           0
          26           2  0.0000000E+00  0.0000000E+00  1.9334022E-02
  1.9334022E-02  0.0000000E+00  0.0000000E+00           0
          27           2  0.0000000E+00  0.0000000E+00  2.4307603E-02
  2.4307603E-02  0.0000000E+00  0.0000000E+00           0
          28           2  0.0000000E+00  0.0000000E+00  2.9372906E-02
  2.9372906E-02  0.0000000E+00  0.0000000E+00           0
          29           2  0.0000000E+00  0.0000000E+00  3.4546640E-02
  3.4546640E-02  0.0000000E+00  0.0000000E+00           0
          30           2  0.0000000E+00  0.0000000E+00  3.9844636E-02
  3.9844636E-02  0.0000000E+00  0.0000000E+00           0
          31           2  0.0000000E+00  0.0000000E+00  4.5281719E-02
  4.5281719E-02  0.0000000E+00  0.0000000E+00           0
          32           2  0.0000000E+00  0.0000000E+00  5.0871607E-02
  5.0871607E-02  0.0000000E+00  0.0000000E+00           0
          33           2  0.0000000E+00  0.0000000E+00  5.6626778E-02
  5.6626778E-02  0.0000000E+00  0.0000000E+00           0
          34           2  0.0000000E+00  0.0000000E+00  6.2558383E-02
  6.2558383E-02  0.0000000E+00  0.0000000E+00           0
          35           2  0.0000000E+00  0.0000000E+00  6.8676144E-02
  6.8676144E-02  0.0000000E+00  0.0000000E+00           0
          36           2  0.0000000E+00  0.0000000E+00  7.4988306E-02
  7.4988306E-02  0.0000000E+00  0.0000000E+00           0
          37           2  0.0000000E+00  0.0000000E+00  8.1501514E-02
  8.1501514E-02  0.0000000E+00  0.0000000E+00           0
          38           2  0.0000000E+00  0.0000000E+00  8.8220835E-02
  8.8220835E-02  0.0000000E+00  0.0000000E+00           0
          39           2  0.0000000E+00  0.0000000E+00  9.5149644E-02
  9.5149644E-02  0.0000000E+00  0.0000000E+00           0
          40           2  0.0000000E+00  0.0000000E+00  0.1022896    
  0.1022896      0.0000000E+00  0.0000000E+00           0
          41           2  0.0000000E+00  0.0000000E+00  0.1096408    
  0.1096408      0.0000000E+00  0.0000000E+00           0
          42           2  0.0000000E+00  0.0000000E+00  0.1172015    
  0.1172015      0.0000000E+00  0.0000000E+00           0
          43           2  0.0000000E+00  0.0000000E+00  0.1249683    
  0.1249683      0.0000000E+00  0.0000000E+00           0
          44           2  0.0000000E+00  0.0000000E+00  0.1329361    
  0.1329361      0.0000000E+00  0.0000000E+00           0
          45           2  0.0000000E+00  0.0000000E+00  0.1410984    
  0.1410984      0.0000000E+00  0.0000000E+00           0
          46           2  0.0000000E+00  0.0000000E+00  0.1494468    
  0.1494468      0.0000000E+00  0.0000000E+00           0
          47           2  0.0000000E+00  0.0000000E+00  0.1579716    
  0.1579716      0.0000000E+00  0.0000000E+00           0
          48           2  0.0000000E+00  0.0000000E+00  0.1666617    
  0.1666617      0.0000000E+00  0.0000000E+00           0
          49           2  0.0000000E+00  0.0000000E+00  0.1755046    
  0.1755046      0.0000000E+00  0.0000000E+00           0
          50           2  0.0000000E+00  0.0000000E+00  0.1844866    
  0.1844866      0.0000000E+00  0.0000000E+00           0
          51           2  0.0000000E+00  0.0000000E+00  0.1935929    
  0.1935929      0.0000000E+00  0.0000000E+00           0
          52           2  0.0000000E+00  0.0000000E+00  0.2028076    
  0.2028076      0.0000000E+00  0.0000000E+00           0
          53           2  0.0000000E+00  0.0000000E+00  0.2121140    
  0.2121140      0.0000000E+00  0.0000000E+00           0
          54           2  0.0000000E+00  0.0000000E+00  0.2214947    
  0.2214947      0.0000000E+00  0.0000000E+00           0
          55           2  0.0000000E+00  0.0000000E+00  0.2309317    
  0.2309317      0.0000000E+00  0.0000000E+00           0
          56           2  0.0000000E+00  0.0000000E+00  0.2404064    
  0.2404064      0.0000000E+00  0.0000000E+00           0
          57           2  0.0000000E+00  0.0000000E+00  0.2499000    
  0.2499000      0.0000000E+00  0.0000000E+00           0
          58           2  0.0000000E+00  0.0000000E+00  0.2550000    
  0.2550000      0.0000000E+00  0.0000000E+00           0
          59           2  0.0000000E+00  0.0000000E+00  0.2550000    
  0.2550000      0.0000000E+00  0.0000000E+00           0
          60           2  0.0000000E+00  0.0000000E+00  0.2550000    
  0.2550000      0.0000000E+00  0.0000000E+00           0
          61           2  0.0000000E+00  0.0000000E+00  0.2550000    
  0.2550000      0.0000000E+00  0.0000000E+00           0
          62           2  0.0000000E+00  0.0000000E+00  0.2550000    
  0.2550000      0.0000000E+00  0.0000000E+00           0
          63           2  0.0000000E+00  0.0000000E+00  0.2550000    
  0.2550000      0.0000000E+00  0.0000000E+00           0
          64           2  0.0000000E+00  0.0000000E+00  0.2550000    
  0.2550000      0.0000000E+00  0.0000000E+00           0
          65           2  0.0000000E+00  0.0000000E+00  0.2550000    
  0.2550000      0.0000000E+00  0.0000000E+00           0
          66           2  0.0000000E+00  0.0000000E+00  0.2550000    
  0.2550000      0.0000000E+00  0.0000000E+00           0
          67           2  0.0000000E+00  0.0000000E+00  0.2550000    
  0.2550000      0.0000000E+00  0.0000000E+00           0
          68           2  0.0000000E+00  0.0000000E+00  0.2550000    
  0.2550000      0.0000000E+00  0.0000000E+00           0
          69           2  0.0000000E+00  0.0000000E+00  0.2550000    
  0.2550000      0.0000000E+00  0.0000000E+00           0
          70           2  0.0000000E+00  0.0000000E+00  0.2550000    
  0.2550000      0.0000000E+00  0.0000000E+00           0
          71           2  0.0000000E+00  0.0000000E+00  0.2550000    
  0.2550000      0.0000000E+00  0.0000000E+00           0
          72           2  3.6493909E-02  0.0000000E+00  0.2914939    
  0.2550000      0.0000000E+00  0.0000000E+00           0
           1           3  0.0000000E+00  0.0000000E+00  0.0000000E+00
 -0.3586957      0.0000000E+00  0.0000000E+00           0
           2           3  0.0000000E+00  0.0000000E+00  0.0000000E+00
 -0.3423913      0.0000000E+00  0.0000000E+00           0
           3           3  0.0000000E+00  0.0000000E+00  0.0000000E+00
 -0.3260870      0.0000000E+00  0.0000000E+00           0
           4           3  0.0000000E+00  0.0000000E+00  0.0000000E+00
 -0.3097826      0.0000000E+00  0.0000000E+00           0
           5           3  0.0000000E+00  0.0000000E+00  0.0000000E+00
 -0.2934783      0.0000000E+00  0.0000000E+00           0
           6           3  0.0000000E+00  0.0000000E+00  0.0000000E+00
 -0.2771739      0.0000000E+00  0.0000000E+00           0
           7           3  0.0000000E+00  0.0000000E+00  0.0000000E+00
 -0.2608696      0.0000000E+00  0.0000000E+00           0
           8           3  0.0000000E+00  0.0000000E+00  0.0000000E+00
 -0.2445652      0.0000000E+00  0.0000000E+00           0
           9           3  0.0000000E+00  0.0000000E+00  0.0000000E+00
 -0.2282609      0.0000000E+00  0.0000000E+00           0
          10           3  0.0000000E+00  0.0000000E+00  0.0000000E+00
 -0.2119565      0.0000000E+00  0.0000000E+00           0
          11           3  0.0000000E+00  0.0000000E+00  0.0000000E+00
 -0.1956522      0.0000000E+00  0.0000000E+00           0
          12           3  0.0000000E+00  0.0000000E+00  0.0000000E+00
 -0.1793478      0.0000000E+00  0.0000000E+00           0
          13           3  0.0000000E+00  0.0000000E+00  0.0000000E+00
 -0.1630435      0.0000000E+00  0.0000000E+00           0
          14           3  0.0000000E+00  0.0000000E+00  0.0000000E+00
 -0.1467391      0.0000000E+00  0.0000000E+00           0
          15           3  0.0000000E+00  0.0000000E+00  0.0000000E+00
 -0.1304348      0.0000000E+00  0.0000000E+00           0
          16           3  0.0000000E+00  0.0000000E+00  0.0000000E+00
 -0.1141304      0.0000000E+00  0.0000000E+00           0
          17           3  0.0000000E+00  0.0000000E+00  0.0000000E+00
 -9.7826086E-02  0.0000000E+00  0.0000000E+00           0
          18           3  0.0000000E+00  0.0000000E+00  0.0000000E+00
 -8.1521742E-02  0.0000000E+00  0.0000000E+00           0
          19           3  0.0000000E+00  0.0000000E+00  0.0000000E+00
 -6.5217391E-02  0.0000000E+00  0.0000000E+00           0
          20           3  0.0000000E+00  0.0000000E+00  0.0000000E+00
 -4.8913043E-02  0.0000000E+00  0.0000000E+00           0
          21           3  0.0000000E+00  0.0000000E+00  0.0000000E+00
 -3.2608695E-02  0.0000000E+00  0.0000000E+00           0
          22           3  0.0000000E+00  0.0000000E+00  0.0000000E+00
 -1.6304348E-02  0.0000000E+00  0.0000000E+00           0
          23           3  0.0000000E+00  0.0000000E+00  0.0000000E+00
  0.0000000E+00  0.0000000E+00  0.0000000E+00           0
          24           3  0.0000000E+00  0.0000000E+00  7.5233835E-03
  7.5233835E-03  0.0000000E+00  0.0000000E+00           0
          25           3  0.0000000E+00  0.0000000E+00  1.1353130E-02
  1.1353130E-02  0.0000000E+00  0.0000000E+00           0
          26           3  0.0000000E+00  0.0000000E+00  1.5263930E-02
  1.5263930E-02  0.0000000E+00  0.0000000E+00           0
          27           3  0.0000000E+00  0.0000000E+00  1.9281782E-02
  1.9281782E-02  0.0000000E+00  0.0000000E+00           0
          28           3  0.0000000E+00  0.0000000E+00  2.3431825E-02
  2.3431825E-02  0.0000000E+00  0.0000000E+00           0
          29           3  0.0000000E+00  0.0000000E+00  2.7738128E-02
  2.7738128E-02  0.0000000E+00  0.0000000E+00           0
          30           3  0.0000000E+00  0.0000000E+00  3.2223511E-02
  3.2223511E-02  0.0000000E+00  0.0000000E+00           0
          31           3  0.0000000E+00  0.0000000E+00  3.6909346E-02
  3.6909346E-02  0.0000000E+00  0.0000000E+00           0
          32           3  0.0000000E+00  0.0000000E+00  4.1815393E-02
  4.1815393E-02  0.0000000E+00  0.0000000E+00           0
          33           3  0.0000000E+00  0.0000000E+00  4.6959639E-02
  4.6959639E-02  0.0000000E+00  0.0000000E+00           0
          34           3  0.0000000E+00  0.0000000E+00  5.2358150E-02
  5.2358150E-02  0.0000000E+00  0.0000000E+00           0
          35           3  0.0000000E+00  0.0000000E+00  5.8024950E-02
  5.8024950E-02  0.0000000E+00  0.0000000E+00           0
          36           3  0.0000000E+00  0.0000000E+00  6.3971899E-02
  6.3971899E-02  0.0000000E+00  0.0000000E+00           0
          37           3  0.0000000E+00  0.0000000E+00  7.0208602E-02
  7.0208602E-02  0.0000000E+00  0.0000000E+00           0
          38           3  0.0000000E+00  0.0000000E+00  7.6742336E-02
  7.6742336E-02  0.0000000E+00  0.0000000E+00           0
          39           3  0.0000000E+00  0.0000000E+00  8.3577976E-02
  8.3577976E-02  0.0000000E+00  0.0000000E+00           0
          40           3  0.0000000E+00  0.0000000E+00  9.0717971E-02
  9.0717971E-02  0.0000000E+00  0.0000000E+00           0
          41           3  0.0000000E+00  0.0000000E+00  9.8162331E-02
  9.8162331E-02  0.0000000E+00  0.0000000E+00           0
          42           3  0.0000000E+00  0.0000000E+00  0.1059086    
  0.1059086      0.0000000E+00  0.0000000E+00           0
          43           3  0.0000000E+00  0.0000000E+00  0.1139519    
  0.1139519      0.0000000E+00  0.0000000E+00           0
          44           3  0.0000000E+00  0.0000000E+00  0.1222850    
  0.1222850      0.0000000E+00  0.0000000E+00           0
          45           3  0.0000000E+00  0.0000000E+00  0.1308981    
  0.1308981      0.0000000E+00  0.0000000E+00           0
          46           3  0.0000000E+00  0.0000000E+00  0.1397796    
  0.1397796      0.0000000E+00  0.0000000E+00           0
          47           3  0.0000000E+00  0.0000000E+00  0.1489154    
  0.1489154      0.0000000E+00  0.0000000E+00           0
          48           3  0.0000000E+00  0.0000000E+00  0.1582894    
  0.1582894      0.0000000E+00  0.0000000E+00           0
          49           3  0.0000000E+00  0.0000000E+00  0.1678835    
  0.1678835      0.0000000E+00  0.0000000E+00           0
          50           3  0.0000000E+00  0.0000000E+00  0.1776781    
  0.1776781      0.0000000E+00  0.0000000E+00           0
          51           3  0.0000000E+00  0.0000000E+00  0.1876518    
  0.1876518      0.0000000E+00  0.0000000E+00           0
          52           3  0.0000000E+00  0.0000000E+00  0.1977818    
  0.1977818      0.0000000E+00  0.0000000E+00           0
          53           3  0.0000000E+00  0.0000000E+00  0.2080439    
  0.2080439      0.0000000E+00  0.0000000E+00           0
          54           3  0.0000000E+00  0.0000000E+00  0.2184131    
  0.2184131      0.0000000E+00  0.0000000E+00           0
          55           3  0.0000000E+00  0.0000000E+00  0.2288634    
  0.2288634      0.0000000E+00  0.0000000E+00           0
          56           3  0.0000000E+00  0.0000000E+00  0.2393681    
  0.2393681      0.0000000E+00  0.0000000E+00           0
          57           3  0.0000000E+00  0.0000000E+00  0.2499000    
  0.2499000      0.0000000E+00  0.0000000E+00           0
          58           3  0.0000000E+00  0.0000000E+00  0.2550000    
  0.2550000      0.0000000E+00  0.0000000E+00           0
          59           3  0.0000000E+00  0.0000000E+00  0.2550000    
  0.2550000      0.0000000E+00  0.0000000E+00           0
          60           3  0.0000000E+00  0.0000000E+00  0.2550000    
  0.2550000      0.0000000E+00  0.0000000E+00           0
          61           3  0.0000000E+00  0.0000000E+00  0.2550000    
  0.2550000      0.0000000E+00  0.0000000E+00           0
          62           3  0.0000000E+00  0.0000000E+00  0.2550000    
  0.2550000      0.0000000E+00  0.0000000E+00           0
          63           3  0.0000000E+00  0.0000000E+00  0.2550000    
  0.2550000      0.0000000E+00  0.0000000E+00           0
          64           3  0.0000000E+00  0.0000000E+00  0.2550000    
  0.2550000      0.0000000E+00  0.0000000E+00           0
          65           3  0.0000000E+00  0.0000000E+00  0.2550000    
  0.2550000      0.0000000E+00  0.0000000E+00           0
          66           3  0.0000000E+00  0.0000000E+00  0.2550000    
  0.2550000      0.0000000E+00  0.0000000E+00           0
          67           3  0.0000000E+00  0.0000000E+00  0.2550000    
  0.2550000      0.0000000E+00  0.0000000E+00           0
          68           3  0.0000000E+00  0.0000000E+00  0.2550000    
  0.2550000      0.0000000E+00  0.0000000E+00           0
          69           3  0.0000000E+00  0.0000000E+00  0.2550000    
  0.2550000      0.0000000E+00  0.0000000E+00           0
          70           3  0.0000000E+00  0.0000000E+00  0.2550000    
  0.2550000      0.0000000E+00  0.0000000E+00           0
          71           3  0.0000000E+00  0.0000000E+00  0.2550000    
  0.2550000      0.0000000E+00  0.0000000E+00           0
          72           3  3.6493909E-02  0.0000000E+00  0.2914939    
  0.2550000      0.0000000E+00  0.0000000E+00           0
           1           4  0.0000000E+00  0.0000000E+00  0.0000000E+00
 -0.3586957      0.0000000E+00  0.0000000E+00           0
           2           4  0.0000000E+00  0.0000000E+00  0.0000000E+00
 -0.3423913      0.0000000E+00  0.0000000E+00           0
           3           4  0.0000000E+00  0.0000000E+00  0.0000000E+00
 -0.3260870      0.0000000E+00  0.0000000E+00           0
           4           4  0.0000000E+00  0.0000000E+00  0.0000000E+00
 -0.3097826      0.0000000E+00  0.0000000E+00           0
           5           4  0.0000000E+00  0.0000000E+00  0.0000000E+00
 -0.2934783      0.0000000E+00  0.0000000E+00           0
           6           4  0.0000000E+00  0.0000000E+00  0.0000000E+00
 -0.2771739      0.0000000E+00  0.0000000E+00           0
           7           4  0.0000000E+00  0.0000000E+00  0.0000000E+00
 -0.2608696      0.0000000E+00  0.0000000E+00           0
           8           4  0.0000000E+00  0.0000000E+00  0.0000000E+00
 -0.2445652      0.0000000E+00  0.0000000E+00           0
           9           4  0.0000000E+00  0.0000000E+00  0.0000000E+00
 -0.2282609      0.0000000E+00  0.0000000E+00           0
          10           4  0.0000000E+00  0.0000000E+00  0.0000000E+00
 -0.2119565      0.0000000E+00  0.0000000E+00           0
          11           4  0.0000000E+00  0.0000000E+00  0.0000000E+00
 -0.1956522      0.0000000E+00  0.0000000E+00           0
          12           4  0.0000000E+00  0.0000000E+00  0.0000000E+00
 -0.1793478      0.0000000E+00  0.0000000E+00           0
          13           4  0.0000000E+00  0.0000000E+00  0.0000000E+00
 -0.1630435      0.0000000E+00  0.0000000E+00           0
          14           4  0.0000000E+00  0.0000000E+00  0.0000000E+00
 -0.1467391      0.0000000E+00  0.0000000E+00           0
          15           4  0.0000000E+00  0.0000000E+00  0.0000000E+00
 -0.1304348      0.0000000E+00  0.0000000E+00           0
          16           4  0.0000000E+00  0.0000000E+00  0.0000000E+00
 -0.1141304      0.0000000E+00  0.0000000E+00           0
          17           4  0.0000000E+00  0.0000000E+00  0.0000000E+00
 -9.7826086E-02  0.0000000E+00  0.0000000E+00           0
          18           4  0.0000000E+00  0.0000000E+00  0.0000000E+00
 -8.1521742E-02  0.0000000E+00  0.0000000E+00           0
          19           4  0.0000000E+00  0.0000000E+00  0.0000000E+00
 -6.5217391E-02  0.0000000E+00  0.0000000E+00           0
          20           4  0.0000000E+00  0.0000000E+00  0.0000000E+00
 -4.8913043E-02  0.0000000E+00  0.0000000E+00           0
          21           4  0.0000000E+00  0.0000000E+00  0.0000000E+00
 -3.2608695E-02  0.0000000E+00  0.0000000E+00           0
          22           4  0.0000000E+00  0.0000000E+00  0.0000000E+00
 -1.6304348E-02  0.0000000E+00  0.0000000E+00           0
          23           4  0.0000000E+00  0.0000000E+00  0.0000000E+00
  0.0000000E+00  0.0000000E+00  0.0000000E+00           0
          24           4  0.0000000E+00  0.0000000E+00  5.7716523E-03
  5.7716523E-03  0.0000000E+00  0.0000000E+00           0
          25           4  0.0000000E+00  0.0000000E+00  8.7431781E-03
  8.7431781E-03  0.0000000E+00  0.0000000E+00           0
          26           4  0.0000000E+00  0.0000000E+00  1.1816770E-02
  1.1816770E-02  0.0000000E+00  0.0000000E+00           0
          27           4  0.0000000E+00  0.0000000E+00  1.5025169E-02
  1.5025169E-02  0.0000000E+00  0.0000000E+00           0
          28           4  0.0000000E+00  0.0000000E+00  1.8400028E-02
  1.8400028E-02  0.0000000E+00  0.0000000E+00           0
          29           4  0.0000000E+00  0.0000000E+00  2.1971665E-02
  2.1971665E-02  0.0000000E+00  0.0000000E+00           0
          30           4  0.0000000E+00  0.0000000E+00  2.5768809E-02
  2.5768809E-02  0.0000000E+00  0.0000000E+00           0
          31           4  0.0000000E+00  0.0000000E+00  2.9818373E-02
  2.9818373E-02  0.0000000E+00  0.0000000E+00           0
          32           4  0.0000000E+00  0.0000000E+00  3.4145240E-02
  3.4145240E-02  0.0000000E+00  0.0000000E+00           0
          33           4  0.0000000E+00  0.0000000E+00  3.8772061E-02
  3.8772061E-02  0.0000000E+00  0.0000000E+00           0
          34           4  0.0000000E+00  0.0000000E+00  4.3719072E-02
  4.3719072E-02  0.0000000E+00  0.0000000E+00           0
          35           4  0.0000000E+00  0.0000000E+00  4.9003929E-02
  4.9003929E-02  0.0000000E+00  0.0000000E+00           0
          36           4  0.0000000E+00  0.0000000E+00  5.4641563E-02
  5.4641563E-02  0.0000000E+00  0.0000000E+00           0
          37           4  0.0000000E+00  0.0000000E+00  6.0644075E-02
  6.0644075E-02  0.0000000E+00  0.0000000E+00           0
          38           4  0.0000000E+00  0.0000000E+00  6.7020625E-02
  6.7020625E-02  0.0000000E+00  0.0000000E+00           0
          39           4  0.0000000E+00  0.0000000E+00  7.3777355E-02
  7.3777355E-02  0.0000000E+00  0.0000000E+00           0
          40           4  0.0000000E+00  0.0000000E+00  8.0917358E-02
  8.0917358E-02  0.0000000E+00  0.0000000E+00           0
          41           4  0.0000000E+00  0.0000000E+00  8.8440627E-02
  8.8440627E-02  0.0000000E+00  0.0000000E+00           0
          42           4  0.0000000E+00  0.0000000E+00  9.6344084E-02
  9.6344084E-02  0.0000000E+00  0.0000000E+00           0
          43           4  0.0000000E+00  0.0000000E+00  0.1046216    
  0.1046216      0.0000000E+00  0.0000000E+00           0
          44           4  0.0000000E+00  0.0000000E+00  0.1132639    
  0.1132639      0.0000000E+00  0.0000000E+00           0
          45           4  0.0000000E+00  0.0000000E+00  0.1222591    
  0.1222591      0.0000000E+00  0.0000000E+00           0
          46           4  0.0000000E+00  0.0000000E+00  0.1315921    
  0.1315921      0.0000000E+00  0.0000000E+00           0
          47           4  0.0000000E+00  0.0000000E+00  0.1412452    
  0.1412452      0.0000000E+00  0.0000000E+00           0
          48           4  0.0000000E+00  0.0000000E+00  0.1511984    
  0.1511984      0.0000000E+00  0.0000000E+00           0
          49           4  0.0000000E+00  0.0000000E+00  0.1614288    
  0.1614288      0.0000000E+00  0.0000000E+00           0
          50           4  0.0000000E+00  0.0000000E+00  0.1719117    
  0.1719117      0.0000000E+00  0.0000000E+00           0
          51           4  0.0000000E+00  0.0000000E+00  0.1826200    
  0.1826200      0.0000000E+00  0.0000000E+00           0
          52           4  0.0000000E+00  0.0000000E+00  0.1935252    
  0.1935252      0.0000000E+00  0.0000000E+00           0
          53           4  0.0000000E+00  0.0000000E+00  0.2045968    
  0.2045968      0.0000000E+00  0.0000000E+00           0
          54           4  0.0000000E+00  0.0000000E+00  0.2158032    
  0.2158032      0.0000000E+00  0.0000000E+00           0
          55           4  0.0000000E+00  0.0000000E+00  0.2271117    
  0.2271117      0.0000000E+00  0.0000000E+00           0
          56           4  0.0000000E+00  0.0000000E+00  0.2384886    
  0.2384886      0.0000000E+00  0.0000000E+00           0
          57           4  0.0000000E+00  0.0000000E+00  0.2499000    
  0.2499000      0.0000000E+00  0.0000000E+00           0
          58           4  0.0000000E+00  0.0000000E+00  0.2550000    
  0.2550000      0.0000000E+00  0.0000000E+00           0
          59           4  0.0000000E+00  0.0000000E+00  0.2550000    
  0.2550000      0.0000000E+00  0.0000000E+00           0
          60           4  0.0000000E+00  0.0000000E+00  0.2550000    
  0.2550000      0.0000000E+00  0.0000000E+00           0
          61           4  0.0000000E+00  0.0000000E+00  0.2550000    
  0.2550000      0.0000000E+00  0.0000000E+00           0
          62           4  0.0000000E+00  0.0000000E+00  0.2550000    
  0.2550000      0.0000000E+00  0.0000000E+00           0
          63           4  0.0000000E+00  0.0000000E+00  0.2550000    
  0.2550000      0.0000000E+00  0.0000000E+00           0
          64           4  0.0000000E+00  0.0000000E+00  0.2550000    
  0.2550000      0.0000000E+00  0.0000000E+00           0
          65           4  0.0000000E+00  0.0000000E+00  0.2550000    
  0.2550000      0.0000000E+00  0.0000000E+00           0
          66           4  0.0000000E+00  0.0000000E+00  0.2550000    
  0.2550000      0.0000000E+00  0.0000000E+00           0
          67           4  0.0000000E+00  0.0000000E+00  0.2550000    
  0.2550000      0.0000000E+00  0.0000000E+00           0
          68           4  0.0000000E+00  0.0000000E+00  0.2550000    
  0.2550000      0.0000000E+00  0.0000000E+00           0
          69           4  0.0000000E+00  0.0000000E+00  0.2550000    
  0.2550000      0.0000000E+00  0.0000000E+00           0
          70           4  0.0000000E+00  0.0000000E+00  0.2550000    
  0.2550000      0.0000000E+00  0.0000000E+00           0
          71           4  0.0000000E+00  0.0000000E+00  0.2550000    
  0.2550000      0.0000000E+00  0.0000000E+00           0
          72           4  3.6493909E-02  0.0000000E+00  0.2914939    
  0.2550000      0.0000000E+00  0.0000000E+00           0
           1           5  0.0000000E+00  0.0000000E+00  0.0000000E+00
 -0.3586957      0.0000000E+00  0.0000000E+00           0
           2           5  0.0000000E+00  0.0000000E+00  0.0000000E+00
 -0.3423913      0.0000000E+00  0.0000000E+00           0
           3           5  0.0000000E+00  0.0000000E+00  0.0000000E+00
 -0.3260870      0.0000000E+00  0.0000000E+00           0
           4           5  0.0000000E+00  0.0000000E+00  0.0000000E+00
 -0.3097826      0.0000000E+00  0.0000000E+00           0
           5           5  0.0000000E+00  0.0000000E+00  0.0000000E+00
 -0.2934783      0.0000000E+00  0.0000000E+00           0
           6           5  0.0000000E+00  0.0000000E+00  0.0000000E+00
 -0.2771739      0.0000000E+00  0.0000000E+00           0
           7           5  0.0000000E+00  0.0000000E+00  0.0000000E+00
 -0.2608696      0.0000000E+00  0.0000000E+00           0
           8           5  0.0000000E+00  0.0000000E+00  0.0000000E+00
 -0.2445652      0.0000000E+00  0.0000000E+00           0
           9           5  0.0000000E+00  0.0000000E+00  0.0000000E+00
 -0.2282609      0.0000000E+00  0.0000000E+00           0
          10           5  0.0000000E+00  0.0000000E+00  0.0000000E+00
 -0.2119565      0.0000000E+00  0.0000000E+00           0
          11           5  0.0000000E+00  0.0000000E+00  0.0000000E+00
 -0.1956522      0.0000000E+00  0.0000000E+00           0
          12           5  0.0000000E+00  0.0000000E+00  0.0000000E+00
 -0.1793478      0.0000000E+00  0.0000000E+00           0
          13           5  0.0000000E+00  0.0000000E+00  0.0000000E+00
 -0.1630435      0.0000000E+00  0.0000000E+00           0
          14           5  0.0000000E+00  0.0000000E+00  0.0000000E+00
 -0.1467391      0.0000000E+00  0.0000000E+00           0
          15           5  0.0000000E+00  0.0000000E+00  0.0000000E+00
 -0.1304348      0.0000000E+00  0.0000000E+00           0
          16           5  0.0000000E+00  0.0000000E+00  0.0000000E+00
 -0.1141304      0.0000000E+00  0.0000000E+00           0
          17           5  0.0000000E+00  0.0000000E+00  0.0000000E+00
 -9.7826086E-02  0.0000000E+00  0.0000000E+00           0
          18           5  0.0000000E+00  0.0000000E+00  0.0000000E+00
 -8.1521742E-02  0.0000000E+00  0.0000000E+00           0
          19           5  0.0000000E+00  0.0000000E+00  0.0000000E+00
 -6.5217391E-02  0.0000000E+00  0.0000000E+00           0
          20           5  0.0000000E+00  0.0000000E+00  0.0000000E+00
 -4.8913043E-02  0.0000000E+00  0.0000000E+00           0
          21           5  0.0000000E+00  0.0000000E+00  0.0000000E+00
 -3.2608695E-02  0.0000000E+00  0.0000000E+00           0
          22           5  0.0000000E+00  0.0000000E+00  0.0000000E+00
 -1.6304348E-02  0.0000000E+00  0.0000000E+00           0
          23           5  0.0000000E+00  0.0000000E+00  0.0000000E+00
  0.0000000E+00  0.0000000E+00  0.0000000E+00           0
          24           5  0.0000000E+00  0.0000000E+00  4.4185445E-03
  4.4185445E-03  0.0000000E+00  0.0000000E+00           0
          25           5  0.0000000E+00  0.0000000E+00  6.7271455E-03
  6.7271455E-03  0.0000000E+00  0.0000000E+00           0
          26           5  0.0000000E+00  0.0000000E+00  9.1540441E-03
  9.1540441E-03  0.0000000E+00  0.0000000E+00           0
          27           5  0.0000000E+00  0.0000000E+00  1.1737189E-02
  1.1737189E-02  0.0000000E+00  0.0000000E+00           0
          28           5  0.0000000E+00  0.0000000E+00  1.4513268E-02
  1.4513268E-02  0.0000000E+00  0.0000000E+00           0
          29           5  0.0000000E+00  0.0000000E+00  1.7517418E-02
  1.7517418E-02  0.0000000E+00  0.0000000E+00           0
          30           5  0.0000000E+00  0.0000000E+00  2.0782936E-02
  2.0782936E-02  0.0000000E+00  0.0000000E+00           0
          31           5  0.0000000E+00  0.0000000E+00  2.4341019E-02
  2.4341019E-02  0.0000000E+00  0.0000000E+00           0
          32           5  0.0000000E+00  0.0000000E+00  2.8220506E-02
  2.8220506E-02  0.0000000E+00  0.0000000E+00           0
          33           5  0.0000000E+00  0.0000000E+00  3.2447651E-02
  3.2447651E-02  0.0000000E+00  0.0000000E+00           0
          34           5  0.0000000E+00  0.0000000E+00  3.7045904E-02
  3.7045904E-02  0.0000000E+00  0.0000000E+00           0
          35           5  0.0000000E+00  0.0000000E+00  4.2035729E-02
  4.2035729E-02  0.0000000E+00  0.0000000E+00           0
          36           5  0.0000000E+00  0.0000000E+00  4.7434438E-02
  4.7434438E-02  0.0000000E+00  0.0000000E+00           0
          37           5  0.0000000E+00  0.0000000E+00  5.3256053E-02
  5.3256053E-02  0.0000000E+00  0.0000000E+00           0
          38           5  0.0000000E+00  0.0000000E+00  5.9511188E-02
  5.9511188E-02  0.0000000E+00  0.0000000E+00           0
          39           5  0.0000000E+00  0.0000000E+00  6.6206969E-02
  6.6206969E-02  0.0000000E+00  0.0000000E+00           0
          40           5  0.0000000E+00  0.0000000E+00  7.3346972E-02
  7.3346972E-02  0.0000000E+00  0.0000000E+00           0
          41           5  0.0000000E+00  0.0000000E+00  8.0931194E-02
  8.0931194E-02  0.0000000E+00  0.0000000E+00           0
          42           5  0.0000000E+00  0.0000000E+00  8.8956058E-02
  8.8956058E-02  0.0000000E+00  0.0000000E+00           0
          43           5  0.0000000E+00  0.0000000E+00  9.7414441E-02
  9.7414441E-02  0.0000000E+00  0.0000000E+00           0
          44           5  0.0000000E+00  0.0000000E+00  0.1062957    
  0.1062957      0.0000000E+00  0.0000000E+00           0
          45           5  0.0000000E+00  0.0000000E+00  0.1155859    
  0.1155859      0.0000000E+00  0.0000000E+00           0
          46           5  0.0000000E+00  0.0000000E+00  0.1252677    
  0.1252677      0.0000000E+00  0.0000000E+00           0
          47           5  0.0000000E+00  0.0000000E+00  0.1353205    
  0.1353205      0.0000000E+00  0.0000000E+00           0
          48           5  0.0000000E+00  0.0000000E+00  0.1457210    
  0.1457210      0.0000000E+00  0.0000000E+00           0
          49           5  0.0000000E+00  0.0000000E+00  0.1564429    
  0.1564429      0.0000000E+00  0.0000000E+00           0
          50           5  0.0000000E+00  0.0000000E+00  0.1674574    
  0.1674574      0.0000000E+00  0.0000000E+00           0
          51           5  0.0000000E+00  0.0000000E+00  0.1787333    
  0.1787333      0.0000000E+00  0.0000000E+00           0
          52           5  0.0000000E+00  0.0000000E+00  0.1902372    
  0.1902372      0.0000000E+00  0.0000000E+00           0
          53           5  0.0000000E+00  0.0000000E+00  0.2019341    
  0.2019341      0.0000000E+00  0.0000000E+00           0
          54           5  0.0000000E+00  0.0000000E+00  0.2137872    
  0.2137872      0.0000000E+00  0.0000000E+00           0
          55           5  0.0000000E+00  0.0000000E+00  0.2257586    
  0.2257586      0.0000000E+00  0.0000000E+00           0
          56           5  0.0000000E+00  0.0000000E+00  0.2378094    
  0.2378094      0.0000000E+00  0.0000000E+00           0
          57           5  0.0000000E+00  0.0000000E+00  0.2499000    
  0.2499000      0.0000000E+00  0.0000000E+00           0
          58           5  0.0000000E+00  0.0000000E+00  0.2550000    
  0.2550000      0.0000000E+00  0.0000000E+00           0
          59           5  0.0000000E+00  0.0000000E+00  0.2550000    
  0.2550000      0.0000000E+00  0.0000000E+00           0
          60           5  0.0000000E+00  0.0000000E+00  0.2550000    
  0.2550000      0.0000000E+00  0.0000000E+00           0
          61           5  0.0000000E+00  0.0000000E+00  0.2550000    
  0.2550000      0.0000000E+00  0.0000000E+00           0
          62           5  0.0000000E+00  0.0000000E+00  0.2550000    
  0.2550000      0.0000000E+00  0.0000000E+00           0
          63           5  0.0000000E+00  0.0000000E+00  0.2550000    
  0.2550000      0.0000000E+00  0.0000000E+00           0
          64           5  0.0000000E+00  0.0000000E+00  0.2550000    
  0.2550000      0.0000000E+00  0.0000000E+00           0
          65           5  0.0000000E+00  0.0000000E+00  0.2550000    
  0.2550000      0.0000000E+00  0.0000000E+00           0
          66           5  0.0000000E+00  0.0000000E+00  0.2550000    
  0.2550000      0.0000000E+00  0.0000000E+00           0
          67           5  0.0000000E+00  0.0000000E+00  0.2550000    
  0.2550000      0.0000000E+00  0.0000000E+00           0
          68           5  0.0000000E+00  0.0000000E+00  0.2550000    
  0.2550000      0.0000000E+00  0.0000000E+00           0
          69           5  0.0000000E+00  0.0000000E+00  0.2550000    
  0.2550000      0.0000000E+00  0.0000000E+00           0
          70           5  0.0000000E+00  0.0000000E+00  0.2550000    
  0.2550000      0.0000000E+00  0.0000000E+00           0
          71           5  0.0000000E+00  0.0000000E+00  0.2550000    
  0.2550000      0.0000000E+00  0.0000000E+00           0
          72           5  3.6493909E-02  0.0000000E+00  0.2914939    
  0.2550000      0.0000000E+00  0.0000000E+00           0
           1           6  0.0000000E+00  0.0000000E+00  0.0000000E+00
 -0.3586957      0.0000000E+00  0.0000000E+00           0
           2           6  0.0000000E+00  0.0000000E+00  0.0000000E+00
 -0.3423913      0.0000000E+00  0.0000000E+00           0
           3           6  0.0000000E+00  0.0000000E+00  0.0000000E+00
 -0.3260870      0.0000000E+00  0.0000000E+00           0
           4           6  0.0000000E+00  0.0000000E+00  0.0000000E+00
 -0.3097826      0.0000000E+00  0.0000000E+00           0
           5           6  0.0000000E+00  0.0000000E+00  0.0000000E+00
 -0.2934783      0.0000000E+00  0.0000000E+00           0
           6           6  0.0000000E+00  0.0000000E+00  0.0000000E+00
 -0.2771739      0.0000000E+00  0.0000000E+00           0
           7           6  0.0000000E+00  0.0000000E+00  0.0000000E+00
 -0.2608696      0.0000000E+00  0.0000000E+00           0
           8           6  0.0000000E+00  0.0000000E+00  0.0000000E+00
 -0.2445652      0.0000000E+00  0.0000000E+00           0
           9           6  0.0000000E+00  0.0000000E+00  0.0000000E+00
 -0.2282609      0.0000000E+00  0.0000000E+00           0
          10           6  0.0000000E+00  0.0000000E+00  0.0000000E+00
 -0.2119565      0.0000000E+00  0.0000000E+00           0
          11           6  0.0000000E+00  0.0000000E+00  0.0000000E+00
 -0.1956522      0.0000000E+00  0.0000000E+00           0
          12           6  0.0000000E+00  0.0000000E+00  0.0000000E+00
 -0.1793478      0.0000000E+00  0.0000000E+00           0
          13           6  0.0000000E+00  0.0000000E+00  0.0000000E+00
 -0.1630435      0.0000000E+00  0.0000000E+00           0
          14           6  0.0000000E+00  0.0000000E+00  0.0000000E+00
 -0.1467391      0.0000000E+00  0.0000000E+00           0
          15           6  0.0000000E+00  0.0000000E+00  0.0000000E+00
 -0.1304348      0.0000000E+00  0.0000000E+00           0
          16           6  0.0000000E+00  0.0000000E+00  0.0000000E+00
 -0.1141304      0.0000000E+00  0.0000000E+00           0
          17           6  0.0000000E+00  0.0000000E+00  0.0000000E+00
 -9.7826086E-02  0.0000000E+00  0.0000000E+00           0
          18           6  0.0000000E+00  0.0000000E+00  0.0000000E+00
 -8.1521742E-02  0.0000000E+00  0.0000000E+00           0
          19           6  0.0000000E+00  0.0000000E+00  0.0000000E+00
 -6.5217391E-02  0.0000000E+00  0.0000000E+00           0
          20           6  0.0000000E+00  0.0000000E+00  0.0000000E+00
 -4.8913043E-02  0.0000000E+00  0.0000000E+00           0
          21           6  0.0000000E+00  0.0000000E+00  0.0000000E+00
 -3.2608695E-02  0.0000000E+00  0.0000000E+00           0
          22           6  0.0000000E+00  0.0000000E+00  0.0000000E+00
 -1.6304348E-02  0.0000000E+00  0.0000000E+00           0
          23           6  0.0000000E+00  0.0000000E+00  0.0000000E+00
  0.0000000E+00  0.0000000E+00  0.0000000E+00           0
          24           6  0.0000000E+00  0.0000000E+00  3.5274532E-03
  3.5274532E-03  0.0000000E+00  0.0000000E+00           0
          25           6  0.0000000E+00  0.0000000E+00  5.3994837E-03
  5.3994837E-03  0.0000000E+00  0.0000000E+00           0
          26           6  0.0000000E+00  0.0000000E+00  7.4005020E-03
  7.4005020E-03  0.0000000E+00  0.0000000E+00           0
          27           6  0.0000000E+00  0.0000000E+00  9.5718838E-03
  9.5718838E-03  0.0000000E+00  0.0000000E+00           0
          28           6  0.0000000E+00  0.0000000E+00  1.1953634E-02
  1.1953634E-02  0.0000000E+00  0.0000000E+00           0
          29           6  0.0000000E+00  0.0000000E+00  1.4584064E-02
  1.4584064E-02  0.0000000E+00  0.0000000E+00           0
          30           6  0.0000000E+00  0.0000000E+00  1.7499480E-02
  1.7499480E-02  0.0000000E+00  0.0000000E+00           0
          31           6  0.0000000E+00  0.0000000E+00  2.0733899E-02
  2.0733899E-02  0.0000000E+00  0.0000000E+00           0
          32           6  0.0000000E+00  0.0000000E+00  2.4318762E-02
  2.4318762E-02  0.0000000E+00  0.0000000E+00           0
          33           6  0.0000000E+00  0.0000000E+00  2.8282698E-02
  2.8282698E-02  0.0000000E+00  0.0000000E+00           0
          34           6  0.0000000E+00  0.0000000E+00  3.2651275E-02
  3.2651275E-02  0.0000000E+00  0.0000000E+00           0
          35           6  0.0000000E+00  0.0000000E+00  3.7446808E-02
  3.7446808E-02  0.0000000E+00  0.0000000E+00           0
          36           6  0.0000000E+00  0.0000000E+00  4.2688176E-02
  4.2688176E-02  0.0000000E+00  0.0000000E+00           0
          37           6  0.0000000E+00  0.0000000E+00  4.8390660E-02
  4.8390660E-02  0.0000000E+00  0.0000000E+00           0
          38           6  0.0000000E+00  0.0000000E+00  5.4565836E-02
  5.4565836E-02  0.0000000E+00  0.0000000E+00           0
          39           6  0.0000000E+00  0.0000000E+00  6.1221477E-02
  6.1221477E-02  0.0000000E+00  0.0000000E+00           0
          40           6  0.0000000E+00  0.0000000E+00  6.8361476E-02
  6.8361476E-02  0.0000000E+00  0.0000000E+00           0
          41           6  0.0000000E+00  0.0000000E+00  7.5985841E-02
  7.5985841E-02  0.0000000E+00  0.0000000E+00           0
          42           6  0.0000000E+00  0.0000000E+00  8.4090665E-02
  8.4090665E-02  0.0000000E+00  0.0000000E+00           0
          43           6  0.0000000E+00  0.0000000E+00  9.2668176E-02
  9.2668176E-02  0.0000000E+00  0.0000000E+00           0
          44           6  0.0000000E+00  0.0000000E+00  0.1017068    
  0.1017068      0.0000000E+00  0.0000000E+00           0
          45           6  0.0000000E+00  0.0000000E+00  0.1111913    
  0.1111913      0.0000000E+00  0.0000000E+00           0
          46           6  0.0000000E+00  0.0000000E+00  0.1211027    
  0.1211027      0.0000000E+00  0.0000000E+00           0
          47           6  0.0000000E+00  0.0000000E+00  0.1314188    
  0.1314188      0.0000000E+00  0.0000000E+00           0
          48           6  0.0000000E+00  0.0000000E+00  0.1421139    
  0.1421139      0.0000000E+00  0.0000000E+00           0
          49           6  0.0000000E+00  0.0000000E+00  0.1531595    
  0.1531595      0.0000000E+00  0.0000000E+00           0
          50           6  0.0000000E+00  0.0000000E+00  0.1645241    
  0.1645241      0.0000000E+00  0.0000000E+00           0
          51           6  0.0000000E+00  0.0000000E+00  0.1761736    
  0.1761736      0.0000000E+00  0.0000000E+00           0
          52           6  0.0000000E+00  0.0000000E+00  0.1880719    
  0.1880719      0.0000000E+00  0.0000000E+00           0
          53           6  0.0000000E+00  0.0000000E+00  0.2001805    
  0.2001805      0.0000000E+00  0.0000000E+00           0
          54           6  0.0000000E+00  0.0000000E+00  0.2124595    
  0.2124595      0.0000000E+00  0.0000000E+00           0
          55           6  0.0000000E+00  0.0000000E+00  0.2248675    
  0.2248675      0.0000000E+00  0.0000000E+00           0
          56           6  0.0000000E+00  0.0000000E+00  0.2373620    
  0.2373620      0.0000000E+00  0.0000000E+00           0
          57           6  0.0000000E+00  0.0000000E+00  0.2499000    
  0.2499000      0.0000000E+00  0.0000000E+00           0
          58           6  0.0000000E+00  0.0000000E+00  0.2550000    
  0.2550000      0.0000000E+00  0.0000000E+00           0
          59           6  0.0000000E+00  0.0000000E+00  0.2550000    
  0.2550000      0.0000000E+00  0.0000000E+00           0
          60           6  0.0000000E+00  0.0000000E+00  0.2550000    
  0.2550000      0.0000000E+00  0.0000000E+00           0
          61           6  0.0000000E+00  0.0000000E+00  0.2550000    
  0.2550000      0.0000000E+00  0.0000000E+00           0
          62           6  0.0000000E+00  0.0000000E+00  0.2550000    
  0.2550000      0.0000000E+00  0.0000000E+00           0
          63           6  0.0000000E+00  0.0000000E+00  0.2550000    
  0.2550000      0.0000000E+00  0.0000000E+00           0
          64           6  0.0000000E+00  0.0000000E+00  0.2550000    
  0.2550000      0.0000000E+00  0.0000000E+00           0
          65           6  0.0000000E+00  0.0000000E+00  0.2550000    
  0.2550000      0.0000000E+00  0.0000000E+00           0
          66           6  0.0000000E+00  0.0000000E+00  0.2550000    
  0.2550000      0.0000000E+00  0.0000000E+00           0
          67           6  0.0000000E+00  0.0000000E+00  0.2550000    
  0.2550000      0.0000000E+00  0.0000000E+00           0
          68           6  0.0000000E+00  0.0000000E+00  0.2550000    
  0.2550000      0.0000000E+00  0.0000000E+00           0
          69           6  0.0000000E+00  0.0000000E+00  0.2550000    
  0.2550000      0.0000000E+00  0.0000000E+00           0
          70           6  0.0000000E+00  0.0000000E+00  0.2550000    
  0.2550000      0.0000000E+00  0.0000000E+00           0
          71           6  0.0000000E+00  0.0000000E+00  0.2550000    
  0.2550000      0.0000000E+00  0.0000000E+00           0
          72           6  3.6493909E-02  0.0000000E+00  0.2914939    
  0.2550000      0.0000000E+00  0.0000000E+00           0
           1           7  0.0000000E+00  0.0000000E+00  0.0000000E+00
 -0.3586957      0.0000000E+00  0.0000000E+00           0
           2           7  0.0000000E+00  0.0000000E+00  0.0000000E+00
 -0.3423913      0.0000000E+00  0.0000000E+00           0
           3           7  0.0000000E+00  0.0000000E+00  0.0000000E+00
 -0.3260870      0.0000000E+00  0.0000000E+00           0
           4           7  0.0000000E+00  0.0000000E+00  0.0000000E+00
 -0.3097826      0.0000000E+00  0.0000000E+00           0
           5           7  0.0000000E+00  0.0000000E+00  0.0000000E+00
 -0.2934783      0.0000000E+00  0.0000000E+00           0
           6           7  0.0000000E+00  0.0000000E+00  0.0000000E+00
 -0.2771739      0.0000000E+00  0.0000000E+00           0
           7           7  0.0000000E+00  0.0000000E+00  0.0000000E+00
 -0.2608696      0.0000000E+00  0.0000000E+00           0
           8           7  0.0000000E+00  0.0000000E+00  0.0000000E+00
 -0.2445652      0.0000000E+00  0.0000000E+00           0
           9           7  0.0000000E+00  0.0000000E+00  0.0000000E+00
 -0.2282609      0.0000000E+00  0.0000000E+00           0
          10           7  0.0000000E+00  0.0000000E+00  0.0000000E+00
 -0.2119565      0.0000000E+00  0.0000000E+00           0
          11           7  0.0000000E+00  0.0000000E+00  0.0000000E+00
 -0.1956522      0.0000000E+00  0.0000000E+00           0
          12           7  0.0000000E+00  0.0000000E+00  0.0000000E+00
 -0.1793478      0.0000000E+00  0.0000000E+00           0
          13           7  0.0000000E+00  0.0000000E+00  0.0000000E+00
 -0.1630435      0.0000000E+00  0.0000000E+00           0
          14           7  0.0000000E+00  0.0000000E+00  0.0000000E+00
 -0.1467391      0.0000000E+00  0.0000000E+00           0
          15           7  0.0000000E+00  0.0000000E+00  0.0000000E+00
 -0.1304348      0.0000000E+00  0.0000000E+00           0
          16           7  0.0000000E+00  0.0000000E+00  0.0000000E+00
 -0.1141304      0.0000000E+00  0.0000000E+00           0
          17           7  0.0000000E+00  0.0000000E+00  0.0000000E+00
 -9.7826086E-02  0.0000000E+00  0.0000000E+00           0
          18           7  0.0000000E+00  0.0000000E+00  0.0000000E+00
 -8.1521742E-02  0.0000000E+00  0.0000000E+00           0
          19           7  0.0000000E+00  0.0000000E+00  0.0000000E+00
 -6.5217391E-02  0.0000000E+00  0.0000000E+00           0
          20           7  0.0000000E+00  0.0000000E+00  0.0000000E+00
 -4.8913043E-02  0.0000000E+00  0.0000000E+00           0
          21           7  0.0000000E+00  0.0000000E+00  0.0000000E+00
 -3.2608695E-02  0.0000000E+00  0.0000000E+00           0
          22           7  0.0000000E+00  0.0000000E+00  0.0000000E+00
 -1.6304348E-02  0.0000000E+00  0.0000000E+00           0
          23           7  0.0000000E+00  0.0000000E+00  0.0000000E+00
  0.0000000E+00  0.0000000E+00  0.0000000E+00           0
          24           7  0.0000000E+00  0.0000000E+00  3.1401271E-03
  3.1401271E-03  0.0000000E+00  0.0000000E+00           0
          25           7  0.0000000E+00  0.0000000E+00  4.8223957E-03
  4.8223957E-03  0.0000000E+00  0.0000000E+00           0
          26           7  0.0000000E+00  0.0000000E+00  6.6382987E-03
  6.6382987E-03  0.0000000E+00  0.0000000E+00           0
          27           7  0.0000000E+00  0.0000000E+00  8.6307023E-03
  8.6307023E-03  0.0000000E+00  0.0000000E+00           0
          28           7  0.0000000E+00  0.0000000E+00  1.0841052E-02
  1.0841052E-02  0.0000000E+00  0.0000000E+00           0
          29           7  0.0000000E+00  0.0000000E+00  1.3309038E-02
  1.3309038E-02  0.0000000E+00  0.0000000E+00           0
          30           7  0.0000000E+00  0.0000000E+00  1.6072277E-02
  1.6072277E-02  0.0000000E+00  0.0000000E+00           0
          31           7  0.0000000E+00  0.0000000E+00  1.9166010E-02
  1.9166010E-02  0.0000000E+00  0.0000000E+00           0
          32           7  0.0000000E+00  0.0000000E+00  2.2622811E-02
  2.2622811E-02  0.0000000E+00  0.0000000E+00           0
          33           7  0.0000000E+00  0.0000000E+00  2.6472339E-02
  2.6472339E-02  0.0000000E+00  0.0000000E+00           0
          34           7  0.0000000E+00  0.0000000E+00  3.0741084E-02
  3.0741084E-02  0.0000000E+00  0.0000000E+00           0
          35           7  0.0000000E+00  0.0000000E+00  3.5452165E-02
  3.5452165E-02  0.0000000E+00  0.0000000E+00           0
          36           7  0.0000000E+00  0.0000000E+00  4.0625140E-02
  4.0625140E-02  0.0000000E+00  0.0000000E+00           0
          37           7  0.0000000E+00  0.0000000E+00  4.6275843E-02
  4.6275843E-02  0.0000000E+00  0.0000000E+00           0
          38           7  0.0000000E+00  0.0000000E+00  5.2416265E-02
  5.2416265E-02  0.0000000E+00  0.0000000E+00           0
          39           7  0.0000000E+00  0.0000000E+00  5.9054457E-02
  5.9054457E-02  0.0000000E+00  0.0000000E+00           0
          40           7  0.0000000E+00  0.0000000E+00  6.6194460E-02
  6.6194460E-02  0.0000000E+00  0.0000000E+00           0
          41           7  0.0000000E+00  0.0000000E+00  7.3836267E-02
  7.3836267E-02  0.0000000E+00  0.0000000E+00           0
          42           7  0.0000000E+00  0.0000000E+00  8.1975847E-02
  8.1975847E-02  0.0000000E+00  0.0000000E+00           0
          43           7  0.0000000E+00  0.0000000E+00  9.0605147E-02
  9.0605147E-02  0.0000000E+00  0.0000000E+00           0
          44           7  0.0000000E+00  0.0000000E+00  9.9712171E-02
  9.9712171E-02  0.0000000E+00  0.0000000E+00           0
          45           7  0.0000000E+00  0.0000000E+00  0.1092811    
  0.1092811      0.0000000E+00  0.0000000E+00           0
          46           7  0.0000000E+00  0.0000000E+00  0.1192923    
  0.1192923      0.0000000E+00  0.0000000E+00           0
          47           7  0.0000000E+00  0.0000000E+00  0.1297228    
  0.1297228      0.0000000E+00  0.0000000E+00           0
          48           7  0.0000000E+00  0.0000000E+00  0.1405460    
  0.1405460      0.0000000E+00  0.0000000E+00           0
          49           7  0.0000000E+00  0.0000000E+00  0.1517323    
  0.1517323      0.0000000E+00  0.0000000E+00           0
          50           7  0.0000000E+00  0.0000000E+00  0.1632490    
  0.1632490      0.0000000E+00  0.0000000E+00           0
          51           7  0.0000000E+00  0.0000000E+00  0.1750611    
  0.1750611      0.0000000E+00  0.0000000E+00           0
          52           7  0.0000000E+00  0.0000000E+00  0.1871307    
  0.1871307      0.0000000E+00  0.0000000E+00           0
          53           7  0.0000000E+00  0.0000000E+00  0.1994183    
  0.1994183      0.0000000E+00  0.0000000E+00           0
          54           7  0.0000000E+00  0.0000000E+00  0.2118824    
  0.2118824      0.0000000E+00  0.0000000E+00           0
          55           7  0.0000000E+00  0.0000000E+00  0.2244801    
  0.2244801      0.0000000E+00  0.0000000E+00           0
          56           7  0.0000000E+00  0.0000000E+00  0.2371676    
  0.2371676      0.0000000E+00  0.0000000E+00           0
          57           7  0.0000000E+00  0.0000000E+00  0.2499000    
  0.2499000      0.0000000E+00  0.0000000E+00           0
          58           7  0.0000000E+00  0.0000000E+00  0.2550000    
  0.2550000      0.0000000E+00  0.0000000E+00           0
          59           7  0.0000000E+00  0.0000000E+00  0.2550000    
  0.2550000      0.0000000E+00  0.0000000E+00           0
          60           7  0.0000000E+00  0.0000000E+00  0.2550000    
  0.2550000      0.0000000E+00  0.0000000E+00           0
          61           7  0.0000000E+00  0.0000000E+00  0.2550000    
  0.2550000      0.0000000E+00  0.0000000E+00           0
          62           7  0.0000000E+00  0.0000000E+00  0.2550000    
  0.2550000      0.0000000E+00  0.0000000E+00           0
          63           7  0.0000000E+00  0.0000000E+00  0.2550000    
  0.2550000      0.0000000E+00  0.0000000E+00           0
          64           7  0.0000000E+00  0.0000000E+00  0.2550000    
  0.2550000      0.0000000E+00  0.0000000E+00           0
          65           7  0.0000000E+00  0.0000000E+00  0.2550000    
  0.2550000      0.0000000E+00  0.0000000E+00           0
          66           7  0.0000000E+00  0.0000000E+00  0.2550000    
  0.2550000      0.0000000E+00  0.0000000E+00           0
          67           7  0.0000000E+00  0.0000000E+00  0.2550000    
  0.2550000      0.0000000E+00  0.0000000E+00           0
          68           7  0.0000000E+00  0.0000000E+00  0.2550000    
  0.2550000      0.0000000E+00  0.0000000E+00           0
          69           7  0.0000000E+00  0.0000000E+00  0.2550000    
  0.2550000      0.0000000E+00  0.0000000E+00           0
          70           7  0.0000000E+00  0.0000000E+00  0.2550000    
  0.2550000      0.0000000E+00  0.0000000E+00           0
          71           7  0.0000000E+00  0.0000000E+00  0.2550000    
  0.2550000      0.0000000E+00  0.0000000E+00           0
          72           7  3.6493909E-02  0.0000000E+00  0.2914939    
  0.2550000      0.0000000E+00  0.0000000E+00           0
           1           8  0.0000000E+00  0.0000000E+00  0.0000000E+00
 -0.3586957      0.0000000E+00  0.0000000E+00           0
           2           8  0.0000000E+00  0.0000000E+00  0.0000000E+00
 -0.3423913      0.0000000E+00  0.0000000E+00           0
           3           8  0.0000000E+00  0.0000000E+00  0.0000000E+00
 -0.3260870      0.0000000E+00  0.0000000E+00           0
           4           8  0.0000000E+00  0.0000000E+00  0.0000000E+00
 -0.3097826      0.0000000E+00  0.0000000E+00           0
           5           8  0.0000000E+00  0.0000000E+00  0.0000000E+00
 -0.2934783      0.0000000E+00  0.0000000E+00           0
           6           8  0.0000000E+00  0.0000000E+00  0.0000000E+00
 -0.2771739      0.0000000E+00  0.0000000E+00           0
           7           8  0.0000000E+00  0.0000000E+00  0.0000000E+00
 -0.2608696      0.0000000E+00  0.0000000E+00           0
           8           8  0.0000000E+00  0.0000000E+00  0.0000000E+00
 -0.2445652      0.0000000E+00  0.0000000E+00           0
           9           8  0.0000000E+00  0.0000000E+00  0.0000000E+00
 -0.2282609      0.0000000E+00  0.0000000E+00           0
          10           8  0.0000000E+00  0.0000000E+00  0.0000000E+00
 -0.2119565      0.0000000E+00  0.0000000E+00           0
          11           8  0.0000000E+00  0.0000000E+00  0.0000000E+00
 -0.1956522      0.0000000E+00  0.0000000E+00           0
          12           8  0.0000000E+00  0.0000000E+00  0.0000000E+00
 -0.1793478      0.0000000E+00  0.0000000E+00           0
          13           8  0.0000000E+00  0.0000000E+00  0.0000000E+00
 -0.1630435      0.0000000E+00  0.0000000E+00           0
          14           8  0.0000000E+00  0.0000000E+00  0.0000000E+00
 -0.1467391      0.0000000E+00  0.0000000E+00           0
          15           8  0.0000000E+00  0.0000000E+00  0.0000000E+00
 -0.1304348      0.0000000E+00  0.0000000E+00           0
          16           8  0.0000000E+00  0.0000000E+00  0.0000000E+00
 -0.1141304      0.0000000E+00  0.0000000E+00           0
          17           8  0.0000000E+00  0.0000000E+00  0.0000000E+00
 -9.7826086E-02  0.0000000E+00  0.0000000E+00           0
          18           8  0.0000000E+00  0.0000000E+00  0.0000000E+00
 -8.1521742E-02  0.0000000E+00  0.0000000E+00           0
          19           8  0.0000000E+00  0.0000000E+00  0.0000000E+00
 -6.5217391E-02  0.0000000E+00  0.0000000E+00           0
          20           8  0.0000000E+00  0.0000000E+00  0.0000000E+00
 -4.8913043E-02  0.0000000E+00  0.0000000E+00           0
          21           8  0.0000000E+00  0.0000000E+00  0.0000000E+00
 -3.2608695E-02  0.0000000E+00  0.0000000E+00           0
          22           8  0.0000000E+00  0.0000000E+00  0.0000000E+00
 -1.6304348E-02  0.0000000E+00  0.0000000E+00           0
          23           8  0.0000000E+00  0.0000000E+00  0.0000000E+00
  0.0000000E+00  0.0000000E+00  0.0000000E+00           0
          24           8  0.0000000E+00  0.0000000E+00  3.2747134E-03
  3.2747134E-03  0.0000000E+00  0.0000000E+00           0
          25           8  0.0000000E+00  0.0000000E+00  5.0229197E-03
  5.0229197E-03  0.0000000E+00  0.0000000E+00           0
          26           8  0.0000000E+00  0.0000000E+00  6.9031459E-03
  6.9031459E-03  0.0000000E+00  0.0000000E+00           0
          27           8  0.0000000E+00  0.0000000E+00  8.9577399E-03
  8.9577399E-03  0.0000000E+00  0.0000000E+00           0
          28           8  0.0000000E+00  0.0000000E+00  1.1227648E-02
  1.1227648E-02  0.0000000E+00  0.0000000E+00           0
          29           8  0.0000000E+00  0.0000000E+00  1.3752079E-02
  1.3752079E-02  0.0000000E+00  0.0000000E+00           0
          30           8  0.0000000E+00  0.0000000E+00  1.6568197E-02
  1.6568197E-02  0.0000000E+00  0.0000000E+00           0
          31           8  0.0000000E+00  0.0000000E+00  1.9710813E-02
  1.9710813E-02  0.0000000E+00  0.0000000E+00           0
          32           8  0.0000000E+00  0.0000000E+00  2.3212114E-02
  2.3212114E-02  0.0000000E+00  0.0000000E+00           0
          33           8  0.0000000E+00  0.0000000E+00  2.7101396E-02
  2.7101396E-02  0.0000000E+00  0.0000000E+00           0
          34           8  0.0000000E+00  0.0000000E+00  3.1404831E-02
  3.1404831E-02  0.0000000E+00  0.0000000E+00           0
          35           8  0.0000000E+00  0.0000000E+00  3.6145255E-02
  3.6145255E-02  0.0000000E+00  0.0000000E+00           0
          36           8  0.0000000E+00  0.0000000E+00  4.1341994E-02
  4.1341994E-02  0.0000000E+00  0.0000000E+00           0
          37           8  0.0000000E+00  0.0000000E+00  4.7010690E-02
  4.7010690E-02  0.0000000E+00  0.0000000E+00           0
          38           8  0.0000000E+00  0.0000000E+00  5.3163189E-02
  5.3163189E-02  0.0000000E+00  0.0000000E+00           0
          39           8  0.0000000E+00  0.0000000E+00  5.9807446E-02
  5.9807446E-02  0.0000000E+00  0.0000000E+00           0
          40           8  0.0000000E+00  0.0000000E+00  6.6947445E-02
  6.6947445E-02  0.0000000E+00  0.0000000E+00           0
          41           8  0.0000000E+00  0.0000000E+00  7.4583195E-02
  7.4583195E-02  0.0000000E+00  0.0000000E+00           0
          42           8  0.0000000E+00  0.0000000E+00  8.2710691E-02
  8.2710691E-02  0.0000000E+00  0.0000000E+00           0
          43           8  0.0000000E+00  0.0000000E+00  9.1321997E-02
  9.1321997E-02  0.0000000E+00  0.0000000E+00           0
          44           8  0.0000000E+00  0.0000000E+00  0.1004053    
  0.1004053      0.0000000E+00  0.0000000E+00           0
          45           8  0.0000000E+00  0.0000000E+00  0.1099448    
  0.1099448      0.0000000E+00  0.0000000E+00           0
          46           8  0.0000000E+00  0.0000000E+00  0.1199214    
  0.1199214      0.0000000E+00  0.0000000E+00           0
          47           8  0.0000000E+00  0.0000000E+00  0.1303121    
  0.1303121      0.0000000E+00  0.0000000E+00           0
          48           8  0.0000000E+00  0.0000000E+00  0.1410908    
